system	mutation	ddG_foldx	BackHbond	SideHbond	Energy_VdW	Electro	Energy_SolvP	Energy_SolvH	Energy_vdwclash	energy_torsion	backbone_vdwclash	Entropy_sidec	Entropy_mainc	water bonds	helix dipole	loop_entropy	cis_bond	disulfide	kn electrostatic	partial covalent interactions	Energy_Ionisation	Entropy Complex	exp_ddG	diff
1A22_A_B	QB366A,KB367A,VB371A	0.6103	-5.41	-12.44	-23.43	-6.99	33.66	-28.04	4.04	0.53	3.56	7.8	5.65	-5.83	0.19	0.0	0.0	-0.0	-1.43	0.0	0.12	2.38	-0.8718	-1.4821
1A22_A_B	QB416A,RB417A,NB418A	0.1377	-4.84	-10.46	-22.84	-6.56	31.84	-28.25	3.04	0.4	3.74	7.61	5.06	-6.02	0.13	0.0	0.0	-0.0	-1.21	0.0	0.06	2.38	1.103	0.9653
1A22_A_B	RB270A,RB271A,EB275A	3.3861	-5.12	-11.36	-23.05	-5.48	32.43	-27.95	3.87	0.55	3.69	7.9	5.13	-4.94	0.15	0.0	0.0	-0.0	-1.06	0.0	0.12	2.38	0.953	-2.4331
1A22_A_B	DB319A,EB320A,KB321A	1.0127	-5.03	-12.23	-24.15	-6.92	34.51	-28.9	3.89	0.57	3.87	8.03	5.58	-5.28	0.07	0.0	0.0	-0.0	-1.42	0.0	0.12	2.38	0.2097	-0.803
1A22_A_B	DB352A,RB356A,EB358A	0.0507	-5.12	-12.23	-24.38	-6.92	34.64	-29.27	3.93	0.57	3.87	8.35	4.98	-5.67	0.13	0.0	-0.0	-0.0	-1.27	0.0	0.12	2.38	0.3142	0.2635
1A22_A_B	RB361A,DB364A,KB367A	2.5197	-5.12	-11.29	-23.88	-6.4	33.8	-28.74	4.86	0.53	3.39	8.08	5.29	-5.9	0.12	0.0	0.0	-0.0	-1.13	0.0	0.12	2.38	-0.0624	-2.5821
1A22_A_B	FA25A,YA42A,QA46A	1.7173	-5.12	-12.37	-22.82	-7.16	34.04	-27.12	1.99	0.4	3.91	9.09	4.94	-5.1	0.13	0.0	0.0	-0.0	-1.49	0.0	0.12	2.38	0.2058	-1.5115
1A22_A_B	FA25A,YA42A,QA46A	2.165	-4.35	-11.61	-22.31	-6.81	32.7	-26.59	1.92	0.4	3.91	7.65	4.94	-4.89	0.15	0.0	0.0	-0.0	-1.34	0.0	0.12	2.38	0.2058	-1.9592
1A22_A_B	NA109D,VA110D,DA112H	0.0027	-5.12	-12.23	-24.38	-6.95	34.64	-29.27	3.93	0.57	3.87	8.36	4.98	-5.68	0.13	0.0	0.0	-0.0	-1.3	0.0	0.12	2.38	0.3461	0.3434
1A22_A_B	RA127D,LA128V,EA129H	0.0	-5.12	-12.23	-24.38	-6.95	34.64	-29.27	3.93	0.57	3.87	8.36	4.98	-5.68	0.13	0.0	0.0	-0.0	-1.3	0.0	0.12	2.38	0.3163	0.3163
1A4Y_A_B	WA438A,SA439A,EA440A	1.2483	-2.14	-18.4	-19.79	-8.8	29.34	-22.67	1.6	0.47	1.62	13.07	3.93	-4.76	0.04	0.0	0.0	0.0	-2.96	0.0	0.2	2.38	1.7848	0.5365
1A4Y_A_B	RB5A,YA434A,DA435A	9.7817	-0.58	-15.44	-15.48	-4.16	20.99	-18.47	1.38	0.32	1.17	11.71	3.4	-4.16	-0.09	0.0	0.0	0.0	-1.81	0.0	0.06	2.38	10.1019	0.3202
1A4Y_A_B	RB5A,YA434A,YA437A	8.6431	-1.4	-15.4	-15.18	-6.49	23.54	-17.37	1.24	0.29	1.22	10.62	3.64	-4.63	-0.05	0.0	0.0	0.0	-2.44	0.0	0.13	2.38	8.5272	-0.1159
1A4Y_A_B	KB40G,YA434A,DA435A	5.1704	-1.93	-17.22	-17.47	-6.56	24.84	-19.79	1.38	0.46	1.4	12.57	3.65	-4.43	-0.16	0.0	0.0	0.0	-2.35	0.0	0.06	2.38	6.2107	1.0403
1A4Y_A_B	KB40G,YA434A,YA437A	7.4086	-2.43	-16.03	-16.66	-6.99	25.33	-18.36	1.21	0.45	1.36	11.93	4.12	-4.73	-0.06	0.0	0.0	0.0	-2.55	0.0	0.07	2.38	9.1185	1.7099
1AHW_AB_C	IC152Q,TC154I,YC156T	4.099	-8.06	-14.55	-18.56	-4.01	31.16	-20.47	3.15	0.7	3.28	10.34	4.39	-3.99	0.0	0.0	-0.0	0.0	-0.92	0.0	0.03	2.38	3.97548	-0.12352
1AHW_AB_C	KC169A,NC171A,NC173A	3.0845	-7.22	-11.81	-16.64	-2.78	25.64	-19.43	2.01	0.69	2.91	7.43	4.77	-3.73	0.0	0.0	-0.0	0.0	-0.72	0.0	0.01	2.38	4.07278	0.98828
1AO7_ABC_DE	EA63Q,QD30V,KA66A	0.9962	-3.77	-6.04	-15.13	-1.58	19.35	-19.65	0.55	0.07	4.53	7.36	2.43	-2.11	-0.15	0.0	0.0	0.0	-0.07	0.0	-0.0	2.38	1.85413	0.85793
1AO7_ABC_DE	GE100S,GE101A,RE102E	-0.9237	-3.92	-7.19	-16.87	-2.4	21.65	-21.69	1.87	0.09	5.22	7.88	3.06	-2.73	-0.03	0.0	0.0	0.0	-0.4	0.0	-0.0	2.38	-3.45236	-2.52866
1AO7_ABC_DE	AE99M,GE100S,GE101A	-0.5664	-4.69	-6.83	-17.86	-1.96	23.25	-22.91	2.13	0.1	5.56	9.17	2.36	-2.83	-0.15	0.0	0.0	0.0	-0.07	0.0	-0.0	2.38	-3.54223	-2.97583
1AO7_ABC_DE	GD28M,SD51M,SD100T	-4.4714	-4.83	-6.95	-19.59	-2.04	23.85	-25.96	1.15	0.23	6.08	10.18	2.25	-2.29	-0.15	0.0	0.0	0.0	-0.07	0.0	-0.0	2.38	-2.12539	2.34601
1AO7_ABC_DE	GD28T,SD51M,SD100T	-3.029	-4.72	-6.85	-18.07	-2.01	23.07	-23.58	0.73	0.27	5.28	8.85	2.32	-2.56	-0.15	0.0	0.0	0.0	-0.07	0.0	-0.0	2.38	-1.60358	1.42542
1AO7_ABC_DE	AE99M,GE100S,GE101A	-0.7733	-3.89	-6.04	-17.41	-1.96	21.82	-22.5	1.92	0.09	5.56	8.03	2.35	-2.71	-0.15	0.0	0.0	0.0	-0.07	0.0	-0.0	2.38	-3.54223	-2.76893
1AO7_ABC_DE	KD103P,AE52P,RE102P	0.0988	-4.62	-6.87	-16.29	-2.18	21.19	-20.84	0.94	0.07	4.51	8.72	3.14	-2.51	-0.14	0.0	0.0	0.0	-0.26	0.0	-0.0	2.38	-1.63113	-1.72993
1BJ1_HL_VW	HH101Y,YH103R,SH105T	-1.5388	-8.18	-12.22	-21.85	-0.48	28.64	-26.2	2.39	0.33	1.5	10.24	5.2	-0.76	0.0	0.0	-0.0	-0.0	-0.16	0.0	0.59	2.38	-1.173	0.3658
1BJ1_HL_VW	HH101Y,YH103W,SH105T	-2.6284	-8.19	-12.6	-21.78	0.24	28.24	-26.24	2.43	0.31	1.5	9.66	4.5	-0.74	0.0	0.0	-0.0	-0.0	0.03	0.0	0.59	2.38	-1.0409	1.5875
1CHO_EFG_I	AI15R,TI17K,LI18R	3.9689	-9.09	-2.16	-17.72	-2.22	24.77	-20.03	0.94	0.68	4.31	8.0	4.92	-2.3	-0.03	0.0	0.0	-0.0	-0.27	0.0	0.37	2.38	7.84464	3.87574
1CHO_EFG_I	AI15R,TI17P,LI18R	3.0239	-9.17	-2.21	-16.9	-2.16	23.31	-18.93	0.87	0.62	4.29	7.24	4.6	-2.4	-0.03	0.0	0.0	-0.0	-0.32	0.0	0.4	2.38	8.76321	5.73931
1CHO_EFG_I	EI10D,RI21M,EI43D	1.6101	-7.74	-0.71	-14.54	-1.11	17.08	-19.4	0.74	0.23	3.89	4.2	5.4	-0.88	-0.03	0.0	0.0	-0.0	-0.12	0.0	0.37	2.38	2.508	0.8979
1CHO_EFG_I	LI18M,TI49N,KI55T	-1.1975	-7.9	-1.33	-15.95	-2.04	19.1	-20.15	1.08	0.2	4.13	4.98	3.99	-1.29	-0.03	0.0	0.0	-0.0	-0.36	0.0	0.37	2.38	0.6462	1.8437
1CHO_EFG_I	AI15D,GI32A,NI33S	1.4206	-7.74	-1.24	-15.37	-2.52	19.68	-19.62	2.21	0.7	3.88	4.61	3.99	-1.17	-0.03	0.0	0.0	-0.0	-0.54	0.0	0.37	2.38	-0.0297	-1.4503
1CHO_EFG_I	TI17M,LI18S,GI32V	2.5275	-7.7	-2.76	-15.43	-2.41	18.69	-19.45	4.88	0.71	3.87	5.1	4.23	-1.4	-0.03	0.0	0.0	-0.0	-0.41	0.0	0.37	2.38	8.86289	6.33539
1CHO_EFG_I	LI18S,RI21V,LI23I	4.8879	-7.51	-1.95	-12.94	-1.14	16.86	-15.74	0.95	0.18	3.92	3.41	5.4	-0.94	-0.03	0.0	0.0	-0.0	-0.13	0.0	0.37	2.38	7.12412	2.23622
1CHO_EFG_I	LI18M,NI36D,SI51N	-1.8038	-7.88	-2.95	-15.57	-2.41	19.35	-19.58	0.84	0.19	3.94	4.87	4.58	-1.38	-0.03	0.0	0.0	-0.0	-0.32	0.0	0.37	2.38	-0.4757	1.3281
1CHO_EFG_I	LI18M,TI30S,GI32D	3.1276	-7.87	-1.39	-16.14	-2.44	21.31	-20.17	4.38	0.33	4.18	4.74	3.89	-1.67	-0.03	0.0	0.0	-0.0	-0.3	0.0	0.37	2.38	3.5316	0.404
1CHO_EFG_I	AI15D,LI18A,YI20D	4.246	-7.55	-1.38	-13.12	-3.02	19.42	-15.19	0.83	0.72	3.87	2.88	4.31	-1.65	-0.03	0.0	0.0	-0.0	-0.5	0.0	0.42	2.38	10.7614	6.5154
1CHO_EFG_I	LI18M,HI52R,KI55E	-1.2111	-7.92	-1.33	-16.44	-2.23	19.69	-20.8	1.64	0.2	4.18	5.2	3.91	-1.29	-0.03	0.0	0.0	-0.0	-0.31	0.0	0.37	2.38	-0.4346	0.7765
1CHO_EFG_I	TI17P,LI18K,GI32D	1.0782	-9.21	-2.71	-16.39	-2.62	23.74	-20.17	1.41	0.41	4.13	5.75	4.55	-1.78	-0.03	0.0	0.0	-0.0	-0.36	0.0	0.37	2.38	9.79157	8.71337
1CHO_EFG_I	AI15R,TI17K,LI18R	3.2169	-8.05	-1.38	-17.38	-2.41	23.82	-19.88	1.06	0.71	4.03	6.99	3.97	-2.4	-0.03	0.0	0.0	-0.0	-0.29	0.0	0.37	2.38	7.84464	4.62774
1CHO_EFG_I	AI15R,TI17P,LI18R	3.1102	-8.81	-2.08	-16.96	-2.25	23.32	-19.0	0.98	0.6	4.39	7.16	4.71	-2.7	-0.03	0.0	0.0	-0.0	-0.32	0.0	0.37	2.38	8.76321	5.65301
1CHO_EFG_I	KI13T,PI14E,AI15Y	-0.7414	-7.9	-1.39	-15.38	-2.5	19.05	-19.58	0.8	1.16	4.26	5.23	3.33	-1.4	-0.03	0.0	0.0	-0.0	-0.61	0.0	0.37	2.38	-0.9322	-0.1908
1CHO_EFG_I	KI13S,PI14D,AI15Y	0.2348	-7.95	-1.38	-15.4	-2.41	19.14	-19.5	0.81	1.17	4.24	4.84	4.49	-1.47	-0.03	0.0	0.0	-0.0	-0.56	0.0	0.37	2.38	-1.0223	-1.2571
1CZ8_HL_VW	LL4M,DH28T,HH31N	0.793	-7.18	-10.61	-21.91	-1.03	27.47	-26.67	2.93	0.62	2.87	8.89	4.06	-1.36	0.0	0.0	0.0	-0.0	-0.01	0.0	0.11	2.38	0.4513	-0.3417
1CZ8_HL_VW	LL4M,YH101H,TH105S	3.9425	-7.17	-7.75	-21.62	-0.35	27.43	-26.4	2.89	0.65	2.8	7.78	3.8	-1.21	-0.02	0.0	0.0	-0.0	0.06	0.0	0.39	2.38	1.1018	-2.8407
1DAN_HL_UT	DT44A,KT20A,FU140A	7.1572	-6.85	-16.99	-26.06	-2.88	33.23	-33.41	4.23	1.44	4.13	18.0	6.92	-7.65	-0.39	0.0	0.0	-0.0	-0.16	0.0	0.0	2.38	5.9631	-1.1941
1DAN_HL_UT	RU136A,NU137A,NU138A	-0.0132	-9.65	-20.29	-28.19	-4.65	38.43	-35.69	4.22	1.42	4.94	19.77	7.04	-9.17	-0.39	0.0	0.0	-0.0	-0.61	0.0	0.0	2.38	0.2065	0.2197
1GC1_G_C	QC40A,DC63A,QC89L	0.8842	-4.29	-4.74	-18.05	-3.48	28.97	-21.8	2.4	0.22	3.43	7.29	6.15	-3.78	0.03	0.0	0.0	0.0	-0.46	0.0	0.06	2.38	-0.8478	-1.732
1JRH_LH_I	AI59S,II61T,HI65D	-0.0001	-6.88	-9.19	-15.08	-3.54	21.94	-17.41	0.92	0.79	2.47	6.81	3.42	-1.16	0.0	0.0	0.0	-0.0	-0.63	0.0	0.09	2.38	0.0706	0.0707
1JRH_LH_I	AI95D,KI98R,EI100K	0.0397	-6.88	-8.62	-15.06	-3.49	22.01	-17.28	0.91	0.78	2.47	6.61	3.21	-1.45	0.0	0.0	0.0	-0.0	-0.72	0.0	0.09	2.38	-0.0478	-0.0875
1JRH_LH_I	SI54G,EI55G,II57R	0.0105	-6.88	-9.19	-14.81	-3.54	21.67	-17.04	0.88	0.78	2.52	6.71	3.26	-1.11	0.0	0.0	0.0	-0.0	-0.74	0.0	0.09	2.38	-3.3775	-3.388
1JRH_LH_I	SI54G,EI55P,II57K	-0.7605	-6.92	-9.19	-15.19	-3.51	21.67	-17.75	0.94	0.79	2.52	6.9	3.38	-1.18	0.0	0.0	0.0	-0.0	-0.72	0.0	0.09	2.38	-3.8842	-3.1237
1JTG_A_B	SA235A,SA130A,DB49A	4.4525	-4.88	-10.06	-21.17	-2.35	28.1	-27.0	2.3	0.25	2.19	9.01	3.37	-4.64	0.01	0.0	0.0	0.0	-0.2	0.0	0.06	2.38	1.0936	-3.3589
1JTG_A_B	RA243A,SA235A,DB49A	4.4274	-4.84	-10.07	-21.09	-2.43	28.01	-26.81	2.25	0.25	2.16	9.03	3.37	-4.73	0.01	0.0	0.0	0.0	-0.23	0.0	0.06	2.38	0.4078	-4.0196
1JTG_A_B	RA243A,SA130A,DB49A	4.3895	-4.83	-10.06	-21.09	-2.42	27.92	-26.92	2.32	0.24	2.19	9.03	3.23	-4.55	0.01	0.0	0.0	0.0	-0.22	0.0	0.06	2.38	1.25426	-3.13524
1JTG_A_B	SA235A,KA234A,DB49A	5.3679	-4.86	-10.06	-21.29	-2.34	28.51	-26.94	2.22	0.25	2.2	9.59	3.74	-4.99	0.01	0.0	0.0	0.0	-0.19	0.0	0.06	2.38	1.53401	-3.83389
1JTG_A_B	KA234A,SA130A,DB49A	4.9918	-4.86	-10.06	-21.27	-2.34	28.39	-27.05	2.27	0.25	2.23	9.57	3.5	-4.94	0.01	0.0	0.0	0.0	-0.19	0.0	0.06	2.38	1.31749	-3.67431
1JTG_A_B	RA243A,KA234A,DB49A	5.2748	-4.83	-10.06	-21.11	-2.38	28.06	-26.8	2.2	0.24	2.16	9.59	3.37	-4.52	0.01	0.0	0.0	0.0	-0.22	0.0	0.06	2.38	1.90342	-3.37138
1JTG_A_B	RA243A,SA235A,SA130A	2.7446	-4.87	-11.61	-21.77	-2.79	30.42	-27.39	2.32	0.26	2.35	9.4	2.69	-5.29	-0.13	0.0	0.0	0.0	-0.21	0.0	0.06	2.38	1.68722	-1.05738
1JTG_A_B	SA235A,SA130A,KA234A	3.9393	-4.86	-10.67	-22.02	-3.29	30.89	-27.62	2.27	0.26	2.35	10.05	3.05	-5.42	-0.0	0.0	0.0	0.0	-0.41	0.0	0.06	2.38	1.84872	-2.09058
1JTG_A_B	RA243A,SA235A,KA234A	4.0952	-4.83	-11.83	-21.84	-2.23	30.29	-27.4	2.18	0.25	2.28	10.18	2.84	-5.05	-0.0	0.0	0.0	0.0	-0.18	0.0	0.06	2.38	2.71555	-1.37965
1JTG_A_B	KA234A,SA130A,RA243A	3.7184	-4.83	-11.98	-21.89	-2.23	30.22	-27.53	2.29	0.25	2.3	10.29	2.83	-5.23	-0.01	0.0	0.0	0.0	-0.18	0.0	0.06	2.38	2.50812	-1.21028
1JTG_A_B	KB74A,FB142A,YB143A	6.8217	-4.77	-13.22	-19.03	-2.46	28.2	-23.02	2.13	0.25	2.2	9.1	3.39	-5.07	-0.03	0.0	0.0	0.0	-0.35	0.0	0.06	2.38	3.89343	-2.92827
1JTG_A_B	KB74A,FB142A,EA104A	6.8993	-3.81	-12.49	-18.8	-2.79	26.75	-23.05	2.9	0.24	2.19	8.12	3.06	-4.44	-0.03	0.0	0.0	0.0	-0.47	0.0	0.06	2.38	3.12865	-3.77065
1JTG_A_B	KB74A,YB143A,EA104A	4.0584	-3.88	-12.61	-20.19	-2.84	27.62	-25.05	2.23	0.25	2.14	8.85	3.14	-4.67	-0.03	0.0	0.0	0.0	-0.47	0.0	0.06	2.38	1.0501	-3.0083
1JTG_A_B	FB142A,YB143A,EA104A	6.6648	-3.76	-12.53	-18.88	-2.79	27.44	-23.04	2.18	0.24	2.18	8.12	3.13	-4.65	-0.0	0.0	0.0	0.0	-0.53	0.0	0.06	2.38	2.88981	-3.77499
1JTG_A_B	KB74A,FB142A,YA105A	7.7899	-4.1	-12.59	-18.07	-2.78	26.79	-22.13	2.1	0.24	1.88	8.83	3.05	-4.9	-0.03	0.0	0.0	0.0	-0.35	0.0	0.06	2.38	4.77672	-3.01318
1JTG_A_B	KB74A,YB143A,YA105A	6.3971	-4.24	-12.65	-19.12	-2.85	27.58	-23.59	2.14	0.34	1.9	9.56	2.82	-4.92	-0.03	0.0	0.0	0.0	-0.35	0.0	0.06	2.38	3.39343	-3.00367
1JTG_A_B	FB142A,YB143A,YA105A	7.4241	-4.12	-13.36	-17.77	-3.42	26.88	-21.63	2.09	0.24	1.91	8.84	3.01	-4.45	-0.0	0.0	0.0	0.0	-0.59	0.0	0.06	2.38	2.98539	-4.43871
1JTG_A_B	KB74A,EA104A,YA105A	7.2469	-3.13	-11.88	-18.7	-2.82	26.13	-23.28	2.82	0.24	1.87	8.11	2.89	-4.36	-0.03	0.0	0.0	0.0	-0.47	0.0	0.06	2.38	1.38541	-5.86149
1JTG_A_B	FB142A,EA104A,YA105A	8.2484	-3.13	-11.85	-17.14	-2.87	24.74	-21.12	2.36	0.23	1.86	7.45	2.84	-4.43	-0.0	0.0	0.0	0.0	-0.53	0.0	0.06	2.38	1.50423	-6.74417
1JTG_A_B	YB143A,EA104A,YA105A	6.7618	-2.73	-11.63	-18.2	-3.04	25.52	-22.61	2.1	0.24	1.82	7.83	2.48	-4.42	-0.0	0.0	0.0	0.0	-0.5	0.0	0.06	2.38	2.05363	-4.70817
1JTG_A_B	KB74A,FB142A,RA243A	7.0192	-4.51	-12.82	-19.2	-1.07	27.35	-23.7	2.18	0.23	2.2	8.62	3.07	-4.71	-0.04	0.0	0.0	0.0	-0.09	0.0	0.06	2.38	5.49354	-1.52566
1JTG_A_B	KB74A,YB143A,RA243A	5.6839	-4.63	-12.55	-20.77	-1.67	29.14	-25.72	2.22	0.24	2.23	9.64	3.06	-4.85	-0.03	0.0	0.0	0.0	-0.11	0.0	0.06	2.38	4.37092	-1.31298
1JTG_A_B	FB142A,YB143A,RA243A	8.4828	-4.73	-11.48	-19.56	-2.43	29.45	-23.87	2.16	0.23	2.25	9.09	2.96	-4.7	0.0	0.0	0.0	0.0	-0.37	0.0	0.06	2.38	4.5405	-3.9423
1JTG_A_B	KB74A,FB142A,KA234A	6.7836	-4.71	-13.24	-19.63	-1.62	28.25	-23.96	2.13	0.24	2.23	9.56	3.25	-5.04	-0.03	0.0	0.0	0.0	-0.16	0.0	0.06	2.38	5.82789	-0.95571
1JTG_A_B	KB74A,YB143A,KA234A	6.4983	-4.73	-11.52	-20.84	-1.44	29.03	-25.76	2.1	0.24	2.26	10.15	3.33	-5.61	-0.03	0.0	0.0	0.0	-0.16	0.0	0.06	2.38	4.87354	-1.62476
1JTG_A_B	FB142A,YB143A,KA234A	6.5251	-4.69	-13.94	-19.79	-2.33	29.27	-24.02	2.18	0.24	2.28	9.56	3.3	-4.54	-0.0	0.0	0.0	0.0	-0.41	0.0	0.06	2.38	4.67956	-1.84554
1JTG_A_B	KB74A,FB142A,SA130A	6.4149	-4.71	-11.79	-19.6	-2.35	28.35	-24.07	2.34	0.25	2.25	8.82	3.33	-5.5	-0.04	0.0	0.0	0.0	-0.32	0.0	0.06	2.38	5.15925	-1.25565
1JTG_A_B	KB74A,YB143A,SA130A	5.6709	-4.61	-11.65	-20.89	-2.21	29.08	-25.96	2.34	0.25	2.29	9.39	3.45	-4.89	-0.03	0.0	0.0	0.0	-0.32	0.0	0.06	2.38	3.72653	-1.94437
1JTG_A_B	FB142A,YB143A,SA130A	6.4543	-4.69	-12.3	-19.71	-3.08	29.3	-24.07	2.29	0.24	2.29	8.8	3.28	-4.75	-0.0	0.0	0.0	0.0	-0.57	0.0	0.06	2.38	4.15617	-2.29813
1JTG_A_B	EA110A,SB113A,SB71A	1.4527	-4.86	-10.97	-21.39	-4.94	29.84	-26.72	2.23	0.28	2.26	8.37	2.88	-4.2	-0.02	0.0	0.0	0.0	-0.75	0.0	0.06	2.38	5.03974	3.58704
1JTG_A_B	MA129A,SB113A,SB71A	3.7487	-4.89	-10.97	-21.12	-4.58	30.82	-26.12	2.1	0.26	2.34	8.96	2.66	-4.36	-0.12	0.0	0.0	0.0	-0.61	0.0	0.07	2.38	1.67189	-2.07681
1JTG_A_B	EA104A,SB113A,SB71A	5.0277	-3.98	-9.54	-20.74	-2.79	27.92	-26.18	2.47	0.26	2.25	8.13	2.78	-4.45	-0.02	0.0	0.0	0.0	-0.54	0.0	0.06	2.38	2.57973	-2.44797
1JTG_A_B	VB165K,DB163K,NB89K	-1.397	-4.93	-14.9	-22.53	-6.1	32.86	-27.65	2.29	0.3	2.3	10.91	2.78	-5.01	-0.0	0.0	0.0	0.0	-1.13	0.0	0.06	2.38	-2.3922	-0.9952
1JTG_A_B	DB163K,DB135K,VB134K	-1.2588	-4.92	-14.86	-22.38	-6.08	32.48	-27.48	2.25	0.28	2.3	10.93	2.93	-5.01	-0.0	0.0	0.0	0.0	-1.11	0.0	0.06	2.38	-3.0537	-1.7949
1JTG_A_B	EB73M,KB74A,FB142A	5.534	-3.14	-11.67	-19.99	-3.82	27.61	-24.92	2.13	0.26	2.21	9.79	3.07	-4.81	0.08	0.0	0.0	0.0	-0.77	0.0	0.06	2.38	4.56928	-0.96472
1JTG_A_B	EA104A,EB73M,KB74A	4.281	-2.25	-11.08	-20.62	-3.27	26.31	-26.26	2.16	0.26	2.15	9.52	2.89	-4.44	0.08	0.0	0.0	0.0	-0.72	0.0	0.06	2.38	2.10171	-2.17929
1JTG_A_B	EA104A,EB73M,FB142A	6.8269	-2.14	-11.17	-19.23	-3.07	25.76	-24.17	2.33	0.25	2.2	8.8	2.95	-4.52	0.1	0.0	0.0	0.0	-0.78	0.0	0.06	2.38	2.85369	-3.97321
1KBH_A_B	YB98W,IB52V,LA10A	3.1721	-3.79	-13.78	-31.08	-8.84	35.07	-47.66	1.01	0.25	6.61	20.32	6.5	-2.71	0.07	0.0	0.0	0.0	-1.81	0.0	0.02	2.38	2.71286	-0.45924
1KBH_A_B	YB98W,IB52V,LA9A	2.9814	-3.72	-12.84	-30.52	-7.03	32.91	-47.83	0.96	0.26	6.58	18.73	6.43	-2.47	0.1	0.0	0.0	0.0	-1.62	0.0	0.02	2.38	2.59264	-0.38876
1KBH_A_B	YB98W,IB52V,IA28V	1.6629	-3.63	-13.63	-31.67	-8.69	34.83	-48.9	0.99	0.26	6.51	20.43	6.5	-2.68	0.07	0.0	0.0	0.0	-1.81	0.0	0.02	2.38	2.19301	0.53011
1KBH_A_B	YB98W,IB52V,VA38A	3.3905	-3.69	-13.84	-31.2	-8.82	34.96	-47.74	0.83	0.26	6.66	20.49	6.87	-2.59	0.07	0.0	0.0	0.0	-1.81	0.0	0.02	2.38	1.32572	-2.06478
1KBH_A_B	YB98W,IB52V,LA16A	3.5415	-3.58	-13.81	-30.69	-8.83	34.79	-46.79	0.93	0.25	6.33	19.81	6.35	-2.76	0.07	0.0	0.0	0.0	-1.81	0.0	0.02	2.38	2.04786	-1.49364
1KBH_A_B	YB98W,IB52V,IA34V	1.5772	-3.66	-13.67	-31.99	-8.67	35.46	-49.34	1.06	0.26	6.63	20.48	6.51	-2.73	0.07	0.0	0.0	0.0	-1.81	0.0	0.02	2.38	2.12004	0.54284
1KBH_A_B	YB98W,LB57A,LA9A	3.5408	-3.81	-12.69	-30.89	-8.05	34.17	-47.72	0.96	0.28	7.09	19.48	6.46	-2.66	0.1	0.0	0.0	0.0	-1.68	0.0	0.02	2.38	1.34579	-2.19501
1KBH_A_B	YB98W,LB57A,LA10A	4.0999	-3.74	-13.74	-30.49	-8.81	34.93	-46.45	1.03	0.26	6.96	19.56	6.47	-2.79	0.07	0.0	0.0	0.0	-1.81	0.0	0.02	2.38	1.68683	-2.41307
1KBH_A_B	YB98W,LB57A,LA16A	4.5115	-3.64	-13.74	-30.29	-8.8	34.82	-45.84	0.93	0.26	6.75	19.09	6.4	-2.54	0.07	0.0	0.0	0.0	-1.81	0.0	0.02	2.38	1.75445	-2.75705
1KBH_A_B	YB98W,LB57A,IA28V	2.6923	-3.7	-13.86	-30.97	-8.89	35.0	-47.36	0.97	0.26	6.91	19.42	6.54	-2.6	0.07	0.0	0.0	0.0	-1.81	0.0	0.02	2.38	1.68582	-1.00648
1KBH_A_B	YB98W,LB57A,VA38A	4.1812	-3.75	-13.86	-30.73	-8.88	35.04	-46.66	0.83	0.27	7.15	19.65	6.9	-2.5	0.07	0.0	0.0	0.0	-1.81	0.0	0.02	2.38	0.57904	-3.60216
1KBH_A_B	YB98W,LB57A,IA34V	2.6349	-3.7	-13.85	-31.28	-8.83	35.54	-47.83	0.96	0.27	6.96	19.51	6.54	-2.56	0.07	0.0	0.0	0.0	-1.81	0.0	0.02	2.38	1.55394	-1.08096
1KBH_A_B	YB98W,LB57A,AA22G	2.7889	-3.74	-13.82	-31.21	-8.82	35.19	-47.85	0.95	0.25	6.95	20.06	6.58	-2.67	0.07	0.0	0.0	0.0	-1.81	0.0	0.02	2.38	0.95995	-1.82895
1KBH_A_B	YB98W,LB60A,LA16A	3.7879	-3.7	-14.05	-30.77	-9.1	35.47	-46.62	1.0	0.26	6.49	19.56	6.33	-2.47	0.08	0.0	0.0	0.0	-1.81	0.0	0.02	2.38	2.64489	-1.14301
1KBH_A_B	YB98W,LB60A,LA9A	3.0715	-3.91	-12.67	-31.49	-8.03	34.59	-48.68	1.1	0.28	7.09	19.94	6.48	-2.58	0.1	0.0	0.0	0.0	-1.67	0.0	0.02	2.38	2.6665	-0.405
1KBH_A_B	YB98W,LB60A,LA10A	3.1649	-3.89	-13.77	-31.28	-8.87	35.4	-47.83	1.03	0.26	6.85	20.37	6.49	-2.63	0.07	0.0	0.0	0.0	-1.81	0.0	0.02	2.38	2.21822	-0.94668
1KBH_A_B	YB98W,LB60A,IA28V	2.0135	-3.74	-13.8	-31.67	-8.81	35.18	-48.72	0.96	0.26	6.75	20.39	6.49	-2.39	0.07	0.0	0.0	0.0	-1.81	0.0	0.02	2.38	2.34705	0.33355
1KBH_A_B	YB98W,LB60A,IA34V	1.7521	-3.77	-13.84	-32.04	-8.8	35.84	-49.23	0.95	0.27	6.87	20.45	6.49	-2.44	0.07	0.0	0.0	0.0	-1.81	0.0	0.02	2.38	2.36337	0.61127
1KBH_A_B	YB98W,LB60A,AA22G	1.9806	-3.77	-13.78	-31.93	-8.82	35.43	-49.21	0.94	0.25	6.76	20.92	6.54	-2.46	0.07	0.0	0.0	0.0	-1.81	0.0	0.02	2.38	2.38237	0.40177
1KBH_A_B	YB98W,LB64A,LA16A	4.9954	-3.58	-13.94	-29.84	-9.07	34.71	-45.0	0.9	0.24	6.06	18.86	6.27	-2.44	0.09	0.0	0.0	0.0	-1.81	0.0	0.02	2.38	2.32343	-2.67197
1KBH_A_B	YB98W,LB64A,IA28V	4.1272	-3.63	-13.78	-30.54	-8.81	34.67	-46.53	0.93	0.23	6.64	19.6	6.48	-2.37	0.07	0.0	0.0	0.0	-1.81	0.0	0.02	2.38	2.29523	-1.83197
1KBH_A_B	YB98W,LB64A,LA9A	4.8581	-3.7	-12.65	-29.81	-7.0	32.83	-46.24	0.94	0.25	6.73	18.13	6.43	-2.38	0.1	0.0	0.0	0.0	-1.64	0.0	0.02	2.38	2.62454	-2.23356
1KBH_A_B	YB98W,LB64A,LA10A	5.3445	-3.77	-13.74	-30.21	-8.83	34.86	-45.78	0.99	0.23	6.78	19.65	6.48	-2.41	0.07	0.0	0.0	0.0	-1.81	0.0	0.02	2.38	2.2843	-3.0602
1KBH_A_B	YB98W,LB64A,AA22G	3.8141	-3.65	-13.79	-30.87	-8.82	34.93	-47.19	0.92	0.23	6.65	20.14	6.51	-2.45	0.07	0.0	0.0	0.0	-1.81	0.0	0.02	2.38	2.25023	-1.56387
1KBH_A_B	YB98W,LB64A,IA34V	3.9215	-3.66	-13.79	-30.9	-8.8	35.32	-47.03	0.93	0.24	6.76	19.67	6.48	-2.42	0.07	0.0	0.0	0.0	-1.81	0.0	0.02	2.38	2.39164	-1.52986
1KBH_A_B	YB98W,VB76A,IA34V	2.2822	-3.67	-13.67	-32.0	-8.66	35.66	-49.17	1.07	0.26	6.84	20.59	6.48	-2.48	0.07	0.0	0.0	0.0	-1.81	0.0	0.02	2.38	2.83781	0.55561
1KBH_A_B	YB98W,VB76A,IA28V	2.654	-3.64	-13.78	-31.42	-8.82	35.12	-48.27	0.96	0.25	6.66	20.31	6.48	-2.43	0.07	0.0	0.0	0.0	-1.81	0.0	0.02	2.38	3.15032	0.49632
1KBH_A_B	YB98W,VB76A,VA38A	4.0579	-3.69	-13.83	-31.2	-8.81	35.16	-47.6	0.83	0.26	6.84	20.58	6.85	-2.34	0.07	0.0	0.0	0.0	-1.81	0.0	0.02	2.38	1.84367	-2.21423
1KBH_A_B	YB98W,VB76A,LA16A	4.3261	-3.59	-13.84	-30.59	-8.88	35.06	-46.39	0.93	0.25	6.54	19.64	6.34	-2.48	0.07	0.0	0.0	0.0	-1.81	0.0	0.02	2.38	2.77862	-1.54748
1KBH_A_B	YB98W,VB76A,LA9A	3.5185	-3.79	-12.46	-31.44	-7.89	34.47	-48.58	0.98	0.28	7.06	20.02	6.47	-2.58	0.1	0.0	0.0	0.0	-1.67	0.0	0.02	2.38	3.43288	-0.08562
1KBH_A_B	YB98W,VB76A,LA10A	3.9566	-3.79	-13.74	-31.08	-8.93	35.48	-47.42	1.0	0.25	6.86	20.31	6.48	-2.48	0.07	0.0	0.0	0.0	-1.81	0.0	0.02	2.38	3.44854	-0.50806
1KBH_A_B	YB98W,VB76A,AA22G	2.8347	-3.66	-13.7	-31.65	-8.81	35.37	-48.69	0.94	0.25	6.73	20.89	6.53	-2.5	0.07	0.0	0.0	0.0	-1.81	0.0	0.02	2.38	2.34705	-0.48765
1KBH_A_B	YB98W,LB77A,IA28V	3.1888	-3.64	-13.65	-31.06	-8.68	34.8	-47.53	0.98	0.26	6.51	19.76	6.47	-2.39	0.07	0.0	0.0	0.0	-1.81	0.0	0.02	2.38	3.59793	0.40913
1KBH_A_B	YB98W,LB77A,VA38A	4.9284	-3.69	-13.83	-30.54	-8.82	34.88	-46.3	0.82	0.26	6.66	19.75	6.84	-2.3	0.07	0.0	0.0	0.0	-1.81	0.0	0.02	2.38	2.89162	-2.03678
1KBH_A_B	YB98W,LB77A,LA9A	3.2265	-3.79	-14.75	-30.83	-8.61	35.35	-46.85	0.97	0.27	6.88	19.48	6.47	-2.35	0.07	0.0	0.0	0.0	-1.8	0.0	0.02	2.38	3.65871	0.43221
1KBH_A_B	YB98W,LB77A,AA22G	3.1896	-3.66	-13.63	-31.27	-8.69	34.99	-47.94	0.97	0.25	6.52	20.25	6.52	-2.46	0.07	0.0	0.0	0.0	-1.81	0.0	0.02	2.38	3.26394	0.07434
1KBH_A_B	YB98W,LB77A,IA34V	3.3239	-3.66	-13.85	-31.11	-8.79	35.48	-47.46	0.95	0.26	6.61	19.6	6.47	-2.44	0.07	0.0	0.0	0.0	-1.81	0.0	0.02	2.38	3.5565	0.2326
1KBH_A_B	YB98W,LB77A,LA16A	5.1861	-3.61	-13.84	-30.02	-8.81	34.76	-45.28	0.93	0.26	6.37	19.03	6.33	-2.44	0.07	0.0	0.0	0.0	-1.81	0.0	0.02	2.38	3.41681	-1.76929
1KBH_A_B	YB98W,LB86A,VA38A	4.9451	-3.71	-13.85	-30.79	-8.86	35.32	-46.64	0.83	0.24	6.92	20.0	6.84	-2.3	0.07	0.0	0.0	0.0	-1.81	0.0	0.02	2.38	3.15288	-1.79222
1KBH_A_B	YB98W,LB86A,LA16A	5.3804	-3.55	-13.84	-30.27	-8.82	35.13	-45.63	0.93	0.24	6.66	19.43	6.33	-2.44	0.07	0.0	0.0	0.0	-1.81	0.0	0.02	2.38	3.78795	-1.59245
1KBH_A_B	YB98W,LB86A,LA9A	4.5009	-3.8	-12.51	-30.99	-7.89	34.53	-47.58	1.0	0.26	7.15	19.2	6.46	-2.23	0.12	0.0	0.0	0.0	-1.67	0.0	0.02	2.38	4.27072	-0.23018
1KBH_A_B	YB98W,LB86A,AA22G	3.698	-3.67	-13.77	-31.24	-8.83	35.53	-47.75	0.93	0.23	6.8	20.33	6.52	-2.45	0.07	0.0	0.0	0.0	-1.81	0.0	0.02	2.38	4.00637	0.30837
1KBH_A_B	YB98W,AB89G,LA9A	3.6584	-3.8	-12.66	-30.43	-6.77	33.01	-47.76	1.13	0.27	6.8	18.61	6.34	-2.35	0.1	0.0	0.0	0.0	-1.64	0.0	0.01	2.38	2.66457	-0.99383
1KBH_A_B	YB98W,AB89G,LA10A	3.7768	-3.87	-13.5	-31.25	-8.65	35.14	-47.93	1.02	0.26	6.84	20.56	6.47	-2.34	0.07	0.0	0.0	0.0	-1.81	0.0	0.01	2.38	2.53533	-1.24147
1KBH_A_B	YB98W,AB89G,LA16A	4.1118	-3.7	-14.0	-30.57	-9.09	35.37	-46.33	0.98	0.26	6.56	19.51	6.33	-2.54	0.09	0.0	0.0	0.0	-1.81	0.0	0.01	2.38	2.02552	-2.08628
1KBH_A_B	YB98W,AB89G,IA28V	2.499	-3.73	-13.63	-31.54	-8.65	35.0	-48.57	0.98	0.26	6.76	20.5	6.47	-2.46	0.07	0.0	0.0	0.0	-1.81	0.0	0.01	2.38	2.0368	-0.4622
1KBH_A_B	YB98W,AB89G,IA34V	2.5895	-3.76	-13.74	-31.69	-8.76	35.77	-48.66	0.95	0.27	6.87	20.39	6.47	-2.51	0.07	0.0	0.0	0.0	-1.81	0.0	0.01	2.38	2.17116	-0.41834
1KBH_A_B	YB98W,AB89G,AA22G	2.713	-3.75	-13.8	-31.57	-8.8	35.38	-48.61	0.94	0.25	6.76	20.84	6.52	-2.53	0.07	0.0	0.0	0.0	-1.81	0.0	0.01	2.38	1.60007	-1.11293
1KBH_A_B	YB98W,AB89G,VA38A	4.086	-3.79	-13.85	-31.12	-8.8	35.19	-47.49	0.83	0.26	6.91	20.52	6.84	-2.37	0.07	0.0	0.0	0.0	-1.81	0.0	0.01	2.38	1.20689	-2.87911
1KBH_A_B	YB98W,IB91V,LA16A	3.8666	-3.58	-13.84	-30.61	-8.82	34.91	-46.55	0.93	0.26	6.33	19.4	6.33	-2.44	0.07	0.0	0.0	0.0	-1.81	0.0	0.02	2.38	1.82639	-2.04021
1KBH_A_B	YB98W,IB91V,VA38A	3.8412	-3.69	-13.81	-31.04	-8.94	35.2	-47.33	0.83	0.26	6.66	19.96	6.84	-2.3	0.07	0.0	0.0	0.0	-1.81	0.0	0.02	2.38	1.02199	-2.81921
1KBH_A_B	YB98W,IB91V,IA28V	2.2891	-3.63	-13.86	-31.27	-8.88	35.07	-48.07	0.96	0.26	6.5	19.75	6.47	-2.39	0.07	0.0	0.0	0.0	-1.81	0.0	0.02	2.38	1.9775	-0.3116
1KBH_A_B	YB98W,IB91V,LA9A	3.4171	-3.71	-12.68	-30.32	-6.77	32.87	-47.54	0.96	0.26	6.46	18.02	6.38	-2.15	0.1	0.0	0.0	0.0	-1.63	0.0	0.02	2.38	2.43881	-0.97829
1KBH_A_B	YB98W,IB91V,LA10A	3.5303	-3.79	-13.77	-30.98	-8.83	35.21	-47.39	1.0	0.26	6.65	19.91	6.47	-2.43	0.07	0.0	0.0	0.0	-1.81	0.0	0.02	2.38	2.96821	-0.56209
1KBH_A_B	YB98W,IB91V,IA34V	2.0557	-3.65	-13.85	-31.7	-8.8	35.62	-48.72	0.95	0.27	6.61	20.03	6.47	-2.44	0.07	0.0	0.0	0.0	-1.81	0.0	0.02	2.38	2.35689	0.30119
1KBH_A_B	YB98W,IB91V,AA22G	2.3563	-3.65	-13.84	-31.5	-8.82	35.22	-48.54	0.94	0.25	6.47	20.37	6.52	-2.46	0.07	0.0	0.0	0.0	-1.81	0.0	0.02	2.38	1.35293	-1.00337
1KBH_A_B	YB98W,VB99A,VA38A	4.7179	-3.65	-13.86	-30.87	-8.82	35.0	-46.91	0.84	0.25	6.66	20.42	6.83	-2.37	0.07	0.0	0.0	0.0	-1.81	0.0	0.02	2.38	0.95302	-3.76488
1KBH_A_B	YB98W,VB99A,IA34V	3.0677	-3.71	-13.66	-31.66	-8.67	35.62	-48.4	0.98	0.25	6.71	20.43	6.47	-2.46	0.07	0.0	0.0	0.0	-1.81	0.0	0.02	2.38	1.78769	-1.28001
1KBH_A_B	YB98W,VB99A,IA28V	3.1285	-3.66	-14.0	-31.24	-9.06	35.51	-47.54	0.97	0.25	6.52	20.07	6.48	-2.54	0.09	0.0	0.0	0.0	-1.81	0.0	0.02	2.38	1.58947	-1.53903
1KBH_A_B	YB98W,VB99A,LA16A	5.2679	-3.64	-13.87	-30.24	-8.86	34.97	-45.62	0.93	0.24	6.45	19.61	6.33	-2.46	0.07	0.0	0.0	0.0	-1.81	0.0	0.02	2.38	1.55897	-3.70893
1KBH_A_B	YB98W,VB99A,LA10A	4.5063	-3.83	-13.6	-30.96	-8.7	35.14	-47.13	1.03	0.25	6.74	20.44	6.47	-2.45	0.07	0.0	0.0	0.0	-1.81	0.0	0.02	2.38	2.53049	-1.97581
1KBH_A_B	YB98W,VB99A,LA9A	4.8076	-3.8	-12.66	-30.81	-8.07	34.53	-47.28	0.97	0.26	6.9	19.84	6.46	-2.65	0.1	0.0	0.0	0.0	-1.68	0.0	0.02	2.38	2.07988	-2.72772
1KBH_A_B	YB98W,VB99A,LA17A	5.4605	-3.67	-13.83	-30.63	-8.83	35.37	-46.17	0.92	0.23	6.78	20.18	6.48	-2.46	0.07	0.0	0.0	0.0	-1.81	0.0	0.02	2.38	3.3775	-2.083
1LFD_A_B	MA30K,DA51K,DA58K	1.4836	-6.67	-8.29	-11.53	-2.91	18.59	-13.9	0.4	0.07	1.27	7.52	3.84	-1.97	0.09	0.0	0.0	0.0	-1.1	0.0	0.0	2.38	-1.9587	-3.4423
1LFD_A_B	DA51K,DA56K,EA57K	0.0571	-6.95	-8.29	-12.49	-2.96	19.34	-15.23	0.41	0.07	1.52	8.1	3.74	-2.05	0.09	0.0	0.0	0.0	-1.08	0.0	0.0	2.38	-1.55665	-1.61375
1LFD_A_B	MA30K,DA51K,DA58K	0.8715	-6.84	-8.29	-12.09	-2.95	19.23	-14.6	0.4	0.07	1.43	7.83	3.79	-2.01	0.07	0.0	0.0	0.0	-1.08	0.0	0.0	2.38	-1.9587	-2.8302
1LFD_A_B	DA51K,DA56K,EA57K	0.0377	-6.95	-8.29	-12.48	-2.97	19.32	-15.23	0.41	0.07	1.52	8.1	3.74	-2.04	0.09	0.0	0.0	0.0	-1.08	0.0	0.0	2.38	-1.55665	-1.59435
1MAH_A_F	YA72N,YA124Q,WA286R	5.644	-6.86	-10.1	-18.2	-1.21	23.29	-23.43	1.83	0.44	4.28	8.61	8.15	-3.13	-0.34	0.0	0.0	0.0	-0.6	0.0	0.05	2.38	11.8368	6.1928
1MHP_HL_A	TH50V,SL28Q,NL52Y	0.571	-2.72	-10.77	-16.86	-1.15	27.25	-17.57	1.9	0.41	3.86	6.22	3.72	-2.96	0.12	0.0	-0.0	0.0	-0.32	0.0	0.55	2.38	-0.953	-1.524
1MHP_HL_A	TH50V,SL28Q,NL52Y	0.611	-2.72	-10.72	-16.87	-1.15	27.27	-17.59	1.87	0.41	3.86	6.23	3.72	-2.95	0.12	0.0	-0.0	0.0	-0.32	0.0	0.55	2.38	-0.953	-1.564
1MHP_HL_A	KH64E,SL28Q,NL52Y	-0.0132	-2.72	-11.11	-16.85	-1.22	27.17	-17.59	1.69	0.43	3.87	6.28	3.78	-2.91	0.12	0.0	-0.0	0.0	-0.39	0.0	0.55	2.38	-1.0852	-1.072
1MHP_HL_A	TH50V,SL28Q,NL52Y	0.3958	-2.72	-10.72	-17.0	-1.12	27.56	-17.71	1.89	0.41	3.86	6.26	3.77	-3.33	0.12	0.0	-0.0	0.0	-0.32	0.0	0.55	2.38	-0.953	-1.3488
1MHP_HL_A	KH64E,SL28Q,NL52Y	-0.0553	-2.72	-11.11	-16.85	-1.22	27.17	-17.59	1.69	0.43	3.87	6.28	3.83	-3.02	0.12	0.0	-0.0	0.0	-0.38	0.0	0.55	2.38	-1.0852	-1.0299
1MLC_AB_E	NA92A,SB57V,TB58D	-2.158	-1.29	-5.07	-13.86	-4.86	19.02	-15.66	1.86	0.63	2.33	3.83	4.04	-1.92	0.0	0.0	0.0	0.0	-0.73	0.0	0.0	2.38	-2.3941	-0.2361
1N8Z_AB_C	NA30S,HA91F,YA92W	3.3341	-1.94	-6.67	-13.29	-7.64	18.92	-16.69	0.91	0.22	1.56	5.07	2.54	-2.44	0.0	0.0	-0.0	0.0	-1.35	0.0	-0.0	2.38	-0.0748	-3.4089
1OHZ_A_B	SB11L,TB12L,SB45Q	6.8736	-3.82	-6.82	-15.3	-2.47	19.64	-21.27	6.45	0.11	2.43	7.95	1.84	-3.28	-0.45	0.0	0.0	0.0	-0.94	0.0	0.0	2.38	3.40873	-3.46487
1PPF_E_I	EI10D,RI21M,EI43D	-1.4113	-7.15	-1.52	-14.62	0.28	15.75	-21.09	0.52	0.6	3.92	4.05	4.56	-0.83	-0.03	0.0	0.0	0.0	0.13	0.0	0.06	2.38	-0.7491	0.6622
1PPF_E_I	LI18M,NI36D,SI51N	0.3367	-7.08	-1.54	-14.15	-0.17	15.99	-19.65	0.96	0.73	3.82	3.98	4.28	-0.87	-0.03	0.0	0.0	0.0	-0.04	0.0	0.06	2.38	-0.8467	-1.1834
1PPF_E_I	LI18M,TI30S,GI32D	10.65514	-7.11	-2.79	-15.04	-0.79	18.49	-20.61	11.59	0.81	3.79	4.74	4.98	-1.48	-0.03	0.0	0.0	0.0	-0.05	0.0	0.06	2.38	4.11841	-6.53673
1PPF_E_I	AI15D,LI18A,YI20D	6.3819	-6.9	-1.52	-12.49	-1.27	18.57	-15.58	0.37	0.55	3.75	3.52	4.83	-1.24	-0.03	0.0	0.0	0.0	-0.37	0.0	0.06	2.38	8.61626	2.23436
1PPF_E_I	KI13T,PI14E,AI15Y	-1.6357	-7.73	-2.07	-14.9	-0.14	16.68	-20.93	0.67	1.07	4.26	4.27	4.56	-0.85	-0.03	0.0	0.0	0.0	-0.17	0.0	0.06	2.38	-0.748	0.8877
1PPF_E_I	KI13S,PI14D,AI15Y	-1.1641	-7.57	-1.94	-14.8	-0.1	16.5	-20.86	0.63	1.0	4.22	4.38	4.98	-1.15	-0.03	0.0	0.0	0.0	-0.14	0.0	0.06	2.38	-0.1236	1.0405
1R0R_E_I	AI15R,TI17K,LI18R	6.62537	-8.87	-1.7	-17.6	-0.55	25.9	-20.34	5.63	0.32	3.14	4.78	6.35	-2.2	0.49	0.0	-0.0	0.0	0.01	0.0	0.36	2.38	9.15816	2.53279
1R0R_E_I	EI10D,RI21M,EI43D	1.4624	-8.62	-0.46	-14.97	-0.31	18.89	-19.62	2.88	0.34	2.85	4.03	6.87	-1.9	-0.1	0.0	-0.0	0.0	0.04	0.0	0.34	2.38	0.4049	-1.0575
1R0R_E_I	LI18M,TI49N,KI55T	0.2094	-8.49	-0.89	-15.13	-0.78	19.05	-19.32	2.89	0.31	2.76	3.83	6.72	-2.33	-0.02	0.0	-0.0	0.0	-0.01	0.0	0.34	2.38	-0.8268	-1.0362
1R0R_E_I	AI15D,GI32A,NI33S	2.4629	-8.53	-0.57	-16.25	-0.74	23.43	-20.59	2.35	0.33	2.88	4.21	7.34	-2.62	-0.29	0.0	-0.0	0.0	0.02	0.0	0.34	2.38	5.75298	3.29008
1R0R_E_I	TI17M,LI18S,GI32V	0.9628	-8.45	-1.15	-14.65	-0.86	19.23	-18.0	1.91	0.39	2.8	3.54	6.77	-2.11	-0.02	0.0	-0.0	0.0	-0.01	0.0	0.34	2.38	2.9719	2.0091
1R0R_E_I	LI18S,RI21V,LI23I	3.72	-8.35	-0.8	-13.79	-0.3	18.51	-16.78	2.26	0.3	2.56	3.38	7.14	-2.15	-0.13	0.0	-0.0	0.0	0.01	0.0	0.35	2.38	1.8636	-1.8564
1R0R_E_I	LI18M,NI36D,SI51N	-0.1051	-8.46	-0.88	-15.16	-0.79	19.06	-19.36	2.89	0.31	2.75	3.71	6.74	-2.49	-0.02	0.0	-0.0	0.0	-0.03	0.0	0.34	2.38	-0.3031	-0.198
1R0R_E_I	LI18M,TI30S,GI32D	-0.9169	-8.4	-1.17	-15.65	-0.98	20.27	-19.79	1.89	0.42	2.94	3.85	6.86	-2.49	-0.02	0.0	-0.0	0.0	-0.08	0.0	0.34	2.38	2.116	3.0329
1R0R_E_I	AI15D,LI18A,YI20D	4.56686	-8.32	-0.81	-14.29	-1.22	22.97	-17.04	1.88	0.25	2.42	3.19	6.95	-3.06	-0.29	0.0	-0.0	0.0	-0.04	0.0	0.34	2.38	8.82031	4.25345
1R0R_E_I	LI18M,HI52R,KI55E	-0.137	-8.49	-0.88	-15.21	-0.81	19.21	-19.4	2.89	0.31	2.75	3.5	6.75	-2.33	-0.02	0.0	-0.0	0.0	-0.03	0.0	0.34	2.38	-0.9046	-0.7676
1R0R_E_I	AI15R,TI17K,LI18R	4.21651	-8.75	-1.65	-16.9	-0.77	24.7	-19.52	2.33	0.33	3.2	4.95	6.46	-2.06	0.68	0.0	-0.0	0.0	0.03	0.0	0.35	2.38	9.15816	4.94165
1R0R_E_I	KI13T,PI14E,AI15Y	-1.1717	-9.57	-2.35	-17.08	-1.15	22.58	-21.53	4.66	0.75	3.65	4.69	6.64	-2.57	-0.63	0.0	-0.0	0.0	0.02	0.0	0.34	2.38	-0.8635	0.3082
1R0R_E_I	KI13S,PI14D,AI15Y	0.5609	-8.56	-1.12	-16.26	-0.82	20.86	-20.65	3.7	0.91	3.47	4.14	7.12	-2.86	-0.3	0.0	-0.0	0.0	0.02	0.0	0.34	2.38	-1.9095	-2.4704
1SBB_A_B	LB20T,VB26Y,YB91V	2.22544	-1.45	-2.93	-8.32	-0.32	11.62	-10.33	0.97	0.13	1.08	3.82	2.1	-3.0	-0.13	0.0	0.0	-0.0	-0.26	0.0	0.03	2.38	0.13214	-2.0933
1YY9_CD_A	SC26D,TC31E,NC93A	0.1238	-4.3	-9.85	-15.94	-1.68	21.0	-19.69	1.09	0.1	3.36	8.94	3.81	-3.26	0.01	0.0	0.0	-0.0	-0.53	0.0	0.09	2.38	-1.3328	-1.4566
1Z7X_W_X	WW438A,SW439A,EW440A	0.4857	-3.63	-21.29	-21.2	-9.71	35.78	-23.48	0.98	0.32	2.01	19.12	3.81	-8.47	-0.7	0.0	0.0	0.0	-3.97	0.0	0.05	2.38	1.9712	1.4855
2B2X_HL_A	EH64K,QL28S,YL52N	2.0374	-3.29	-9.74	-17.01	-1.97	26.99	-18.08	2.06	0.72	3.29	7.0	3.76	-2.57	0.11	0.0	-0.0	0.0	-0.41	0.0	0.51	2.38	1.0432	-0.9942
2B2X_HL_A	VH50T,QL28S,YL52N	1.9715	-3.27	-9.74	-17.03	-2.08	27.06	-18.08	2.02	0.71	3.29	7.06	3.82	-2.56	0.11	0.0	-0.0	0.0	-0.48	0.0	0.51	2.38	1.0432	-0.9283
2B2X_HL_A	VH50T,EH64K,YL52N	1.2979	-3.27	-11.0	-17.52	-1.97	27.48	-18.72	2.01	0.71	3.36	7.91	4.03	-2.51	0.11	0.0	-0.0	0.0	-0.41	0.0	0.51	2.38	0.1864	-1.1115
2B2X_HL_A	VH50T,EH64K,QL28S	1.5082	-3.27	-11.17	-17.21	-1.88	27.14	-18.4	2.01	0.71	3.29	7.88	4.23	-2.66	0.11	0.0	-0.0	0.0	-0.42	0.0	0.51	2.38	1.0432	-0.465
2B2X_HL_A	EH64K,QL28S,YL52N	1.9837	-3.29	-9.74	-17.0	-1.97	26.95	-18.07	2.07	0.72	3.29	6.99	3.76	-2.59	0.11	0.0	-0.0	0.0	-0.41	0.0	0.51	2.38	1.0432	-0.9405
2B2X_HL_A	VH50T,QL28S,YL52N	1.9453	-3.27	-9.74	-17.01	-2.08	27.0	-18.04	1.97	0.71	3.29	7.1	3.82	-2.58	0.11	0.0	-0.0	0.0	-0.48	0.0	0.51	2.38	1.0432	-0.9021
2B2X_HL_A	VH50T,EH64K,YL52N	1.2927	-3.27	-11.0	-17.49	-1.98	27.45	-18.68	2.01	0.71	3.36	7.87	4.04	-2.51	0.11	0.0	-0.0	0.0	-0.41	0.0	0.51	2.38	0.1864	-1.1063
2B2X_HL_A	VH50T,EH64K,QL28S	1.5363	-3.27	-11.17	-17.21	-1.88	27.13	-18.38	2.02	0.71	3.28	7.89	4.23	-2.67	0.11	0.0	-0.0	0.0	-0.42	0.0	0.51	2.38	1.0432	-0.4931
2C5D_A_C	DC87G,VC92A,GC127R	1.2357	-10.38	-13.86	-19.39	-3.53	26.85	-24.16	1.36	0.38	2.62	14.55	6.87	-3.65	0.0	0.0	0.0	0.0	-2.01	0.0	0.0	2.38	-0.8695	-2.1052
2C5D_A_C	GC32S,VC92A,GC127R	0.3693	-10.4	-13.86	-19.44	-3.77	27.0	-24.17	1.36	0.39	2.67	14.53	6.38	-3.65	0.0	0.0	0.0	0.0	-2.18	0.0	0.0	2.38	-0.7963	-1.1656
2C5D_A_C	GC32S,DC87G,GC127R	0.8722	-10.38	-13.86	-19.6	-3.53	26.95	-24.57	1.62	0.4	2.62	14.57	6.86	-3.78	0.0	0.0	0.0	0.0	-2.0	0.0	0.0	2.38	-0.5517	-1.4239
2C5D_A_C	GC32S,DC87G,VC92R	0.8254	-10.39	-16.05	-20.85	-4.19	29.92	-25.1	1.47	0.45	3.32	16.35	6.99	-3.74	0.0	0.0	0.0	0.0	-2.23	0.0	0.0	2.38	-1.235	-2.0604
2DVW_A_B	RB338A,RB339A,RB342A	9.8018	-2.71	-14.21	-17.41	-9.3	30.88	-20.57	0.78	0.36	3.41	8.35	1.21	-6.14	1.1	0.0	0.0	0.0	-2.56	0.0	0.0	2.38	2.78874	-7.01306
2G2U_A_B	EB73M,FB142W,YB143F	0.9613	-2.71	-8.55	-20.08	-3.8	26.82	-25.87	1.19	0.75	4.57	6.99	1.63	-3.23	0.11	0.0	0.3	0.0	-0.66	0.0	0.12	2.38	-1.10753	-2.06883
2G2U_A_B	EB73M,SB130K,SB146M	0.1619	-2.63	-8.49	-19.33	-4.33	25.45	-25.15	1.29	0.55	4.52	6.65	1.59	-3.15	0.16	0.0	0.31	0.0	-0.81	0.0	0.11	2.38	-3.50793	-3.66983
2G2U_A_B	EB73M,KB74A,FB142A	3.7735	-2.56	-8.1	-17.06	-2.58	21.71	-22.3	0.97	0.27	3.22	6.78	2.02	-3.09	0.07	0.0	0.03	0.0	-0.45	0.0	0.12	2.38	1.48728	-2.28622
2G2U_A_B	DA104A,EB73M,KB74A	1.2921	-2.59	-8.27	-18.66	-2.47	22.33	-24.91	0.91	0.55	4.55	7.32	1.85	-2.69	0.07	0.0	0.24	0.0	-0.45	0.0	0.12	2.38	-1.56141	-2.85351
2G2U_A_B	DA104A,EB73M,FB142A	3.937	-2.54	-8.27	-17.11	-2.32	21.44	-22.49	1.1	0.26	3.22	6.71	1.64	-2.22	0.11	0.0	0.03	0.0	-0.49	0.0	0.12	2.38	-0.69373	-4.63073
2J0T_A_D	TD2L,VD4S,SD68A	1.2059	-8.66	-2.84	-14.07	-2.16	21.32	-17.8	2.32	0.06	1.33	5.01	5.72	-1.77	0.11	0.0	0.0	0.0	-0.14	0.0	0.11	2.38	5.28354	4.07764
2J0T_A_D	TD2S,VD4A,SD68Y	2.1367	-8.58	-3.45	-14.21	-2.12	21.97	-16.9	1.91	0.57	1.51	5.02	6.24	-2.4	0.11	0.0	0.0	0.0	-0.14	0.0	0.12	2.38	2.1461	0.0094
2NY7_HL_G	CG109I,CG428Q,MG433A	-0.0063	-7.29	-7.14	-16.73	-0.78	21.75	-20.04	1.21	0.12	2.87	7.42	6.33	-3.75	-0.0	0.0	-0.0	0.0	-0.32	0.0	-0.0	2.38	0.20316	0.20946
2NZ9_DC_A	SD30K,DD31Y,HD32D	1.3286	-5.28	-21.75	-20.29	-3.03	32.15	-22.83	1.4	0.6	5.68	11.37	3.48	-4.34	0.0	0.0	0.64	0.0	-0.71	0.0	0.57	2.38	-0.0496	-1.3782
2VN5_A_B	SB47A,TB48F,TA45A	0.6583	-2.33	-5.56	-15.12	-0.82	16.04	-23.48	0.31	0.04	2.41	9.08	1.9	-1.74	-0.06	0.0	0.0	0.0	-0.69	0.0	0.0	2.38	0.3139	-0.3444
2VN5_A_B	SB47A,TB48F,NA47A	1.0679	-1.73	-4.94	-14.8	-0.87	15.27	-23.47	0.28	0.04	2.45	9.07	1.81	-1.93	-0.06	0.0	0.0	0.0	-0.69	0.0	0.0	2.38	1.2258	0.1579
2VN5_A_B	SB47A,TB48F,YA49A	2.2337	-1.93	-5.02	-14.02	-0.77	15.04	-22.04	0.28	0.03	2.16	8.86	1.64	-2.21	-0.05	0.0	0.0	0.0	-0.69	0.0	0.0	2.38	1.2975	-0.9362
2VN5_A_B	SB47A,TB48F,SA76A	0.2547	-2.49	-4.02	-15.31	-0.82	16.05	-23.98	0.28	0.04	2.48	8.08	1.89	-1.79	-0.06	0.0	0.0	0.0	-0.69	0.0	0.0	2.38	-0.0908	-0.3455
2VN5_A_B	SB47A,TB48F,SA85A	0.2373	-2.07	-5.19	-15.23	-0.81	15.84	-23.94	0.28	0.03	2.41	8.83	1.72	-1.56	-0.06	0.0	0.0	0.0	-0.69	0.0	0.0	2.38	0.0	-0.2373
2VN5_A_B	SB47A,TB48F,LA87A	3.0823	-2.35	-5.61	-14.27	-0.82	16.48	-21.29	0.28	0.04	2.47	8.19	1.88	-1.78	-0.06	0.0	0.0	0.0	-0.69	0.0	0.0	2.38	3.25487	0.17257
2VN5_A_B	SB47A,TB48F,LA89A	1.9173	-3.1	-6.46	-14.74	-0.95	17.01	-22.22	0.78	0.04	2.59	8.73	2.37	-1.83	-0.06	0.0	0.0	0.0	-0.74	0.0	0.0	2.38	2.94023	1.02293
2VN5_A_B	SB47A,TB48F,NA91A	-0.4579	-3.39	-4.82	-15.2	-0.89	16.02	-23.69	0.3	0.03	2.63	9.09	1.63	-1.86	-0.06	0.0	0.0	0.0	-0.72	0.0	0.0	2.38	0.6125	1.0704
2VN5_A_B	SB47A,TB48F,IA93A	1.4403	-3.17	-6.35	-14.44	-0.94	16.83	-21.73	0.28	0.04	2.53	8.01	2.53	-1.9	-0.06	0.0	0.0	0.0	-0.73	0.0	0.0	2.38	0.9498	-0.4905
2VN5_A_B	SB47A,TB48F,MA135G	0.634	-2.86	-6.04	-15.01	-0.86	16.67	-23.03	0.18	0.04	2.51	9.1	1.9	-1.77	-0.06	0.0	0.0	0.0	-0.71	0.0	0.0	2.38	1.5975	0.9635
2VN5_A_B	SB47A,TB48F,KA137G	2.1002	-2.49	-5.0	-14.76	-0.08	15.62	-22.77	0.36	0.02	2.46	7.79	2.35	-1.63	-0.11	0.0	0.0	0.0	-0.27	0.0	0.0	2.38	0.523	-1.5772
2WPT_A_B	DA33L,NA34V,RA38T	-1.1982	-6.42	-12.85	-15.47	-3.56	22.65	-18.93	0.6	0.36	4.15	10.96	2.46	-3.99	-0.52	0.0	0.0	0.0	-0.9	0.0	0.0	2.38	-6.3328	-5.1346
2WPT_A_B	NA34V,RA38T,RA42E	-1.1667	-6.39	-12.8	-15.5	-3.93	23.24	-18.71	0.53	0.37	4.38	10.92	2.48	-4.17	-0.45	0.0	0.0	0.0	-1.16	0.0	0.0	2.38	-3.2313	-2.0646
3EG5_A_B	TB164N,SB165N,HB166N	-0.9498	-5.08	-10.97	-19.72	-2.12	25.41	-25.72	0.61	0.24	4.46	11.81	3.41	-3.78	-1.23	0.0	0.0	0.0	-1.02	0.0	0.11	2.38	1.03538	1.98518
3IDX_HL_G	CG109I,CG428Q,MG433A	0.0	-4.75	-6.85	-11.44	-2.78	15.63	-15.8	0.41	0.15	0.95	8.36	3.02	-2.73	-0.04	0.0	0.0	0.0	-0.57	0.0	-0.0	2.38	-2.17352	-2.17352
3IDX_HL_G	TG123C,GG431C,MG433A	0.0	-4.75	-6.85	-11.44	-2.78	15.63	-15.8	0.41	0.15	0.95	8.36	3.02	-2.73	-0.04	0.0	0.0	0.0	-0.57	0.0	-0.0	2.38	0.40943	0.40943
3KUD_A_B	KB85A,FB61W,NB71R	-2.9644	-5.94	-7.96	-10.62	-4.6	15.89	-11.96	0.2	0.2	1.25	8.78	4.79	-2.39	0.12	0.0	0.0	0.0	-2.12	0.0	0.0	2.38	1.20464	4.16904
3KUD_A_B	KB85A,TA35A,NB71R	-3.0366	-5.85	-8.6	-10.3	-4.3	15.34	-11.79	0.24	0.2	1.4	8.27	4.9	-1.71	0.09	0.0	0.0	0.0	-2.16	0.0	0.0	2.38	1.51616	4.55276
3KUD_A_B	KB85A,YA32C,CA118S	-0.811	-5.01	-6.52	-9.25	-2.79	13.25	-10.86	0.22	0.2	1.4	5.38	4.51	-1.37	0.07	0.0	0.0	0.0	-1.28	0.0	0.0	2.38	2.89558	3.70658
3KUD_A_B	YA32C,CA118S,NB71R	-0.8745	-5.06	-5.03	-9.55	-4.92	14.55	-11.14	0.18	0.22	1.4	6.02	4.54	-1.26	0.11	0.0	0.0	0.0	-2.17	0.0	0.0	2.38	-0.03589	0.83861
3L5X_A_HL	NL92D,EL93W,YL94G	-2.1369	-1.76	-8.82	-11.1	-6.4	18.38	-11.96	1.98	0.18	1.84	7.68	0.77	-2.89	-0.78	0.0	0.0	0.0	-1.12	0.0	0.02	2.38	-1.6824	0.4545
3L5X_A_HL	NL92E,EL93W,YL94G	-0.8172	-0.86	-8.08	-11.02	-6.88	18.5	-11.82	1.11	0.17	1.79	7.68	0.57	-2.25	-0.53	0.0	0.0	0.0	-1.1	0.0	0.02	2.38	-1.5503	-0.7331
3L5X_A_HL	NL92D,EL93P,YL94G	-2.9225	-2.86	-8.2	-10.58	-6.41	17.26	-11.43	1.32	0.19	1.75	7.44	0.7	-2.26	-0.68	0.0	0.0	0.0	-1.13	0.0	0.02	2.38	-1.4698	1.4527
3L5X_A_HL	NL92S,EL93W,YL94G	-1.1487	-1.74	-8.9	-11.01	-6.01	18.02	-11.91	2.0	0.17	1.86	7.73	0.86	-2.38	-0.67	0.0	0.0	0.0	-1.01	0.0	0.02	2.38	-1.2719	-0.1232
3L5X_A_HL	NL92E,EL93S,YL94G	-0.5121	-0.11	-7.5	-9.76	-6.15	15.7	-11.02	1.4	0.16	1.28	5.94	0.55	-2.23	0.0	0.0	0.0	0.0	-1.19	0.0	0.02	2.38	-1.2653	-0.7532
3L5X_A_HL	NL92S,EL93H,YL94G	-1.4631	-2.38	-8.08	-10.81	-5.75	17.64	-11.65	0.86	0.17	1.82	7.6	0.84	-2.04	-0.59	0.0	0.0	0.0	-0.96	0.0	0.02	2.38	-1.2456	0.2175
3L5X_A_HL	NL92F,EL93W,YL94G	-1.7116	-1.28	-7.8	-11.34	-5.9	18.06	-12.59	1.31	0.17	1.8	7.4	0.42	-2.37	-0.49	0.0	0.0	0.0	-0.99	0.0	0.02	2.38	-1.2329	0.4787
3L5X_A_HL	NL92D,EL93W,YL94E	-2.0607	-1.71	-8.78	-11.29	-6.51	18.33	-12.31	3.16	0.16	1.84	7.21	0.73	-2.86	-0.71	0.0	0.0	0.0	-1.16	0.0	0.02	2.38	-1.1962	0.8645
3L5X_A_HL	NL92S,EL93Y,YL94G	-0.6728	-1.76	-8.13	-10.96	-5.86	17.89	-11.8	2.05	0.18	1.81	7.47	0.76	-2.52	-0.69	0.0	0.0	0.0	-0.99	0.0	0.02	2.38	-0.9641	-0.2913
3L5X_A_HL	NL92V,EL93W,YL94G	-1.3182	-1.78	-9.15	-11.15	-5.85	18.24	-12.06	2.19	0.16	1.81	7.57	0.77	-2.23	-0.7	0.0	0.0	0.0	-1.01	0.0	0.02	2.38	-0.8352	0.483
3L5X_A_HL	NL92L,EL93M,YL94G	-0.5148	-1.3	-7.33	-10.52	-6.02	17.02	-11.46	1.48	0.18	1.77	7.24	0.41	-2.41	-0.5	0.0	0.0	0.0	-1.0	0.0	0.02	2.38	-0.8256	-0.3108
3L5X_A_HL	NL92D,EL93Y,YL94A	-1.6643	-1.76	-8.89	-11.22	-6.37	18.6	-12.0	2.0	0.19	1.88	7.52	0.72	-2.19	-0.81	0.0	0.0	0.0	-1.12	0.0	0.02	2.38	-0.8069	0.8574
3L5X_A_HL	NL92S,EL93I,YL94G	-1.9149	-1.3	-8.37	-10.5	-5.92	16.95	-11.44	0.83	0.18	1.79	7.37	0.44	-2.36	-0.5	0.0	0.0	0.0	-0.99	0.0	0.02	2.38	-0.8069	1.108
3L5X_A_HL	NL92D,EL93W,YL94S	-1.4994	-1.39	-8.49	-10.71	-6.5	17.67	-11.55	1.24	0.16	1.78	7.32	0.75	-2.07	-0.42	0.0	0.0	0.0	-1.19	0.0	0.02	2.38	-0.7161	0.7833
3L5X_A_HL	NL92L,EL93N,YL94G	-2.6802	-1.56	-8.68	-10.63	-5.93	17.3	-11.47	1.0	0.18	1.79	7.26	0.5	-2.76	-0.6	0.0	0.0	0.0	-0.98	0.0	0.02	2.38	-0.6954	1.9848
3L5X_A_HL	NL92L,EL93D,YL94S	-0.6479	-2.21	-8.33	-10.95	-6.51	17.61	-11.84	4.1	0.27	1.83	6.95	0.66	-2.3	-0.62	0.0	0.0	0.0	-1.17	0.0	0.02	2.38	-0.5536	0.0943
3L5X_A_HL	NL92L,EL93L,YL94G	-0.8921	-2.22	-8.37	-10.74	-6.22	17.28	-11.58	2.86	0.17	1.8	7.49	0.59	-2.3	-0.55	0.0	0.0	0.0	-1.0	0.0	0.02	2.38	-0.6259	0.2662
3L5X_A_HL	NL92L,EL93D,YL94S	-3.2958	-1.72	-8.81	-10.66	-6.23	17.28	-11.59	1.04	0.24	1.79	6.82	0.63	-2.24	-0.59	0.0	0.0	0.0	-1.16	0.0	0.02	2.38	-0.5536	2.7422
3L5X_A_HL	NL92D,EL93N,YL94S	-1.5504	-0.64	-7.76	-10.51	-6.4	17.09	-11.42	0.41	0.17	1.77	7.08	0.65	-2.32	-0.41	0.0	0.0	0.0	-1.18	0.0	0.02	2.38	-0.534	1.0164
3L5X_A_HL	NL92D,EL93R,YL94D	-1.9105	-0.13	-7.28	-9.71	-6.54	15.51	-11.0	0.42	0.16	1.33	6.18	0.56	-2.76	0.23	0.0	0.0	0.0	-1.25	0.0	0.02	2.38	-0.5225	1.388
3L5X_A_HL	NL92S,EL93V,YL94G	-0.7386	-1.76	-8.55	-10.64	-5.96	17.21	-11.51	1.96	0.17	1.85	7.46	0.66	-1.78	-0.68	0.0	0.0	0.0	-1.0	0.0	0.02	2.38	-0.5168	0.2218
3L5X_A_HL	NL92V,EL93G,YL94G	-2.7443	-1.67	-8.78	-10.55	-5.92	16.98	-11.49	0.99	0.16	1.78	7.19	0.69	-2.47	-0.58	0.0	0.0	0.0	-0.98	0.0	0.01	2.38	-0.4629	2.2814
3L5X_A_HL	HL91P,NL92L,YL94A	-2.0647	-1.54	-8.75	-10.76	-5.87	17.24	-11.79	1.72	0.22	1.77	7.35	0.53	-2.4	-0.52	0.0	0.0	0.0	-1.18	0.0	0.0	2.38	-0.4444	1.6203
3L5X_A_HL	NL92D,EL93L,YL94G	-0.7226	-0.65	-7.38	-10.48	-6.38	16.96	-11.43	0.79	0.16	1.78	6.99	0.63	-2.05	-0.42	0.0	0.0	0.0	-1.16	0.0	0.02	2.38	-0.4296	0.293
3L5X_A_HL	NL92S,EL93W,YL94A	0.3403	-0.65	-7.39	-10.83	-5.99	17.7	-11.8	0.88	0.17	1.78	7.25	0.73	-2.04	-0.32	0.0	0.0	0.0	-1.05	0.0	0.02	2.38	-0.303	-0.6433
3L5X_A_HL	NL92S,EL93S,YL94G	-1.4357	-1.73	-8.72	-10.59	-5.93	17.1	-11.47	2.21	0.17	1.86	7.41	0.73	-2.58	-0.73	0.0	0.0	0.0	-1.01	0.0	0.02	2.38	-0.2492	1.1865
3MZW_A_B	NB23T,NB43E,AB54S	0.0347	-2.28	-11.12	-14.18	-2.66	18.03	-17.92	1.12	0.2	2.55	9.54	1.73	-2.9	0.0	0.0	0.0	0.0	-0.59	0.0	0.01	2.38	0.1372	0.1025
3S9D_A_B	AA57H,AA58E,AA61Q	0.0	-2.8	-7.43	-19.57	-4.82	22.02	-26.58	3.45	1.63	4.61	11.05	4.44	-1.65	-0.27	0.0	0.0	0.0	-1.43	0.0	0.16	2.38	0.0	0.0
3S9D_A_B	AA57Y,AA58N,AA61S	0.0	-2.8	-7.43	-19.57	-4.82	22.02	-26.58	3.45	1.63	4.61	11.05	4.44	-1.65	-0.27	0.0	0.0	0.0	-1.43	0.0	0.16	2.38	-0.1907	-0.1907
3S9D_A_B	AA57H,AA58E,AA61Q	0.0	-2.8	-7.43	-19.57	-4.82	22.02	-26.58	3.45	1.63	4.61	11.05	4.44	-1.65	-0.27	0.0	0.0	0.0	-1.43	0.0	0.16	2.38	0.0	0.0
3SE3_B_A	YB57A,NB58E,SB61Q	2.9308	-2.43	-13.73	-21.47	-4.35	27.18	-28.4	6.22	2.88	4.86	12.92	2.05	-3.25	0.08	0.0	0.0	-0.0	-1.11	0.0	0.01	2.38	1.97656	-0.95424
3SE3_B_A	YB57H,NB58A,SB61Q	3.3255	-2.44	-12.34	-21.41	-4.96	26.13	-28.5	7.23	2.85	4.89	11.84	2.15	-2.55	0.18	0.0	0.0	-0.0	-1.23	0.0	0.04	2.38	1.50596	-1.81954
3SE3_B_A	YB57H,NB58E,SB61A	1.3873	-2.41	-13.31	-21.28	-4.53	26.58	-28.59	5.97	2.85	5.09	11.37	2.21	-2.82	0.07	0.0	0.0	-0.0	-1.12	0.0	0.05	2.38	1.8819	0.4946
3SE3_B_A	YB57H,NB58E,SB61Q	2.5398	-2.49	-13.39	-21.93	-4.68	27.81	-28.97	6.17	3.43	4.93	11.85	2.21	-2.8	0.07	0.0	0.0	-0.0	-1.12	0.0	0.04	2.38	2.45647	-0.08333
3SE3_B_A	YB57M,NB58D,SB61L	0.2022	-2.6	-12.9	-22.16	-4.69	25.76	-30.77	9.15	2.97	5.03	12.23	1.94	-4.04	0.1	0.0	0.0	-0.0	-1.13	0.0	0.01	2.38	0.71291	0.51071
3SE3_B_A	YB57A,NB58A,SB61A	1.6104	-2.38	-12.94	-20.06	-4.54	23.59	-27.38	5.9	2.84	4.71	11.72	1.96	-2.4	0.19	0.0	0.0	-0.0	-1.23	0.0	0.01	2.38	0.41046	-1.19994
3SE3_B_A	YB57A,NB58E,SB61Q	2.253	-2.45	-14.13	-21.52	-4.39	27.2	-28.46	6.34	2.9	4.89	13.0	2.06	-3.61	0.08	0.0	0.0	-0.0	-1.12	0.0	0.01	2.38	1.97656	-0.27644
3SE3_B_A	YB57H,NB58A,SB61Q	3.3653	-2.48	-12.33	-21.47	-4.93	26.01	-28.56	7.69	3.08	4.87	11.65	2.14	-2.77	0.18	0.0	0.0	-0.0	-1.23	0.0	0.05	2.38	1.50596	-1.85934
3SE3_B_A	YB57H,NB58E,SB61A	0.6334	-2.4	-13.27	-21.19	-4.56	26.51	-28.51	5.94	2.85	5.07	11.22	2.21	-3.5	0.07	0.0	0.0	-0.0	-1.11	0.0	0.05	2.38	1.8819	1.2485
3SE3_B_A	YB57A,NB58A,SB61A	1.607	-2.38	-12.9	-20.07	-4.55	23.58	-27.41	5.9	2.84	4.72	11.72	1.96	-2.4	0.19	0.0	0.0	-0.0	-1.23	0.0	0.01	2.38	0.41046	-1.19654
3SE3_B_C	YB57H,NB58E,SB61Q	0.0	-3.41	-6.96	-18.51	-3.93	20.95	-25.51	0.63	0.4	2.59	9.97	3.77	-1.94	-0.5	0.0	0.0	0.0	-1.56	0.0	0.23	2.38	0.1907	0.1907
3SE3_B_C	YB57A,NB58A,SB61A	0.0012	-3.41	-6.96	-18.51	-3.93	20.95	-25.51	0.63	0.4	2.59	9.97	3.77	-1.94	-0.5	0.0	0.0	0.0	-1.56	0.0	0.23	2.38	0.1733	0.1721
3SGB_E_I	AI15R,TI17K,LI18R	0.1844	-9.09	-3.83	-15.5	-0.69	21.52	-18.33	3.17	0.15	3.2	5.52	6.37	-2.6	0.04	0.0	0.0	0.0	-0.21	0.0	0.34	2.38	6.68583	6.50143
3SGB_E_I	AI15R,TI17P,LI18R	-0.0783	-9.11	-3.15	-14.44	-0.43	19.56	-16.96	3.4	0.12	3.23	4.24	5.3	-2.29	-0.03	0.0	0.0	0.0	0.02	0.0	0.34	2.38	8.43377	8.51207
3SGB_E_I	EI10D,RI21M,EI43D	0.5226	-8.07	-2.61	-12.5	-0.27	16.4	-16.29	3.06	0.03	3.26	2.79	5.53	-0.99	-0.16	0.0	0.0	0.0	-0.06	0.0	0.34	2.38	0.0764	-0.4462
3SGB_E_I	LI18M,TI49N,KI55T	0.4909	-8.12	-2.52	-12.74	-0.74	16.48	-16.21	3.08	0.03	3.23	2.85	5.97	-1.11	-0.07	0.0	0.0	0.0	-0.09	0.0	0.34	2.38	0.2738	-0.2171
3SGB_E_I	AI15D,GI32A,NI33S	3.73383	-8.65	-2.99	-13.87	-1.03	20.02	-17.58	5.8	0.03	3.25	3.75	6.34	-1.66	-0.1	0.0	0.0	0.0	0.02	0.0	0.34	2.38	2.1535	-1.58033
3SGB_E_I	TI17M,LI18S,GI32V	7.77078	-7.88	-3.59	-13.22	-0.59	16.74	-16.79	11.44	0.35	3.09	3.3	5.67	-1.26	-0.07	0.0	0.0	0.0	0.0	0.0	0.34	2.38	6.81366	-0.95712
3SGB_E_I	LI18S,RI21V,LI23I	3.53517	-7.87	-2.56	-11.59	-0.54	16.74	-13.72	2.99	0.02	3.14	1.88	6.1	-1.43	-0.16	0.0	0.0	0.0	-0.01	0.0	0.34	2.38	4.4189	0.88373
3SGB_E_I	LI18M,NI36D,SI51N	0.5746	-8.1	-2.49	-12.61	-0.51	16.48	-16.02	3.07	0.03	3.23	2.61	6.09	-1.67	-0.07	0.0	0.0	0.0	0.1	0.0	0.34	2.38	1.0816	0.507
3SGB_E_I	LI18M,TI30S,GI32D	3.2237	-8.13	-2.55	-13.25	-0.57	18.05	-16.81	6.33	0.03	3.22	2.56	5.9	-2.07	-0.07	0.0	0.0	0.0	0.11	0.0	0.34	2.38	2.2945	-0.9292
3SGB_E_I	AI15D,LI18A,YI20D	4.98036	-7.77	-1.64	-11.85	-2.83	19.29	-13.98	3.68	0.02	3.15	2.37	6.16	-1.67	-0.09	0.0	0.0	0.0	-0.38	0.0	0.34	2.38	5.68825	0.70789
3SGB_E_I	LI18M,HI52R,KI55E	-0.0827	-8.15	-2.56	-12.85	-0.96	16.56	-16.33	3.08	0.03	3.23	2.86	5.99	-1.11	-0.07	0.0	0.0	0.0	-0.25	0.0	0.34	2.38	-0.115	-0.0323
3SGB_E_I	TI17P,LI18K,GI32D	2.4546	-9.04	-3.33	-13.55	-0.86	20.26	-17.0	6.15	0.04	3.17	3.46	5.39	-2.7	-0.05	0.0	0.0	0.0	0.02	0.0	0.34	2.38	6.45201	3.99741
3SGB_E_I	AI15R,TI17P,LI18R	0.2864	-9.18	-3.2	-14.46	-0.4	19.65	-16.94	3.36	0.1	3.23	4.29	5.48	-2.07	-0.03	0.0	0.0	0.0	0.02	0.0	0.34	2.38	8.43377	8.14737
3SGB_E_I	KI13T,PI14E,AI15Y	-0.9422	-7.23	-1.73	-13.73	-0.25	16.33	-18.06	3.22	0.04	3.42	2.18	5.91	-1.2	-0.09	0.0	0.0	0.0	-0.01	0.0	0.34	2.38	-3.8172	-2.875
3SGB_E_I	KI13S,PI14D,AI15Y	0.417	-7.19	-1.73	-13.65	-0.15	16.05	-18.07	4.67	0.07	3.32	1.91	5.84	-0.93	-0.09	0.0	0.0	0.0	0.0	0.0	0.34	2.38	-4.094	-4.511
3VR6_ABCDEF_GH	RA475A,RB475A,RC475A	3.7322	-12.0	-24.52	-44.65	-10.82	60.26	-59.93	1.76	0.52	8.27	36.34	4.79	-10.82	-3.01	0.0	0.0	0.0	-2.76	0.0	-0.0	2.38	-0.2784	-4.0106
3VR6_ABCDEF_GH	VD388A,VE388A,VF388A	2.959	-12.73	-27.14	-45.13	-11.77	62.59	-59.28	1.78	0.52	8.75	37.52	4.98	-10.97	-3.05	0.0	0.0	0.0	-2.93	0.0	-0.0	2.38	0.6979	-2.2611
3VR6_ABCDEF_GH	LD389A,LE389A,LF389A	5.5829	-12.55	-27.14	-43.7	-11.09	61.2	-57.0	1.77	0.44	8.36	36.36	5.35	-10.75	-3.05	0.0	0.0	0.0	-2.83	0.0	-0.0	2.38	1.1362	-4.4467
3VR6_ABCDEF_GH	RD350E,RE350E,RF350E	0.0	-12.88	-27.14	-45.99	-11.79	62.61	-61.14	1.8	0.56	8.42	37.7	4.79	-11.1	-3.05	0.0	0.0	0.0	-2.92	0.0	0.0	2.38	0.2875	0.2875
3VR6_ABCDEF_GH	RD350K,RE350K,RF350K	0.0	-12.88	-27.14	-45.99	-11.79	62.61	-61.14	1.8	0.56	8.42	37.7	4.79	-11.1	-3.05	0.0	0.0	0.0	-2.92	0.0	0.0	2.38	1.2126	1.2126
4FTV_ABC_DE	EA63Q,DD99A,KA66A	3.4424	-4.16	-6.34	-17.35	-2.27	21.53	-22.49	0.29	0.37	5.58	8.1	3.43	-2.75	0.04	0.0	-0.0	0.0	-0.12	0.0	-0.0	2.38	1.85413	-1.58827
4FTV_ABC_DE	SE100G,AE101G,QE102R	0.5785	-4.97	-11.13	-18.43	-4.49	25.68	-22.59	0.26	0.31	5.94	10.04	3.97	-2.73	-0.27	0.0	-0.0	0.0	-0.23	0.0	-0.0	2.38	3.64967	3.07117
4FTV_ABC_DE	ME99A,AE101G,QE102R	1.2972	-3.93	-10.21	-18.37	-4.52	25.55	-22.47	0.3	0.3	5.92	8.61	3.88	-2.7	-0.09	0.0	-0.0	0.0	-0.22	0.0	-0.0	2.38	3.61765	2.32045
4G0N_A_B	FB61W,NB71R,VB88I	-2.2161	-6.77	-10.11	-13.04	-6.36	19.61	-15.27	0.91	0.2	1.51	9.53	5.31	-1.69	0.19	0.0	0.0	0.0	-2.48	0.0	-0.0	2.38	0.36305	2.57915
4G0N_A_B	TA35A,NB71R,AB85K	-3.0887	-6.46	-9.27	-12.76	-7.38	19.87	-14.89	0.24	0.15	1.4	9.39	4.67	-1.76	0.2	0.0	0.0	0.0	-2.83	0.0	-0.0	2.38	1.96663	5.05533
4G0N_A_B	YA32C,CA118S,NB71R	-1.5092	-6.36	-9.57	-12.64	-6.02	18.97	-14.73	0.15	0.16	1.49	9.51	5.64	-2.17	0.19	0.0	0.0	0.0	-2.4	0.0	-0.0	2.38	-0.36657	1.14263
4G0N_A_B	YA32C,CA118S,AB85K	-1.057	-5.76	-8.29	-11.92	-6.52	18.69	-14.11	0.17	0.15	1.47	7.79	4.41	-1.39	0.13	0.0	0.0	0.0	-2.16	0.0	-0.0	2.38	-0.64147	0.41553
4GNK_A_B	LB876A,DA296A,PA298D	0.0214	-7.26	-12.0	-27.6	-7.67	36.39	-37.39	3.33	0.22	5.5	13.02	5.87	-3.6	-0.11	0.0	0.0	0.0	-0.83	0.0	0.65	2.38	-1.72239	-1.74379
4GU0_A_E	LE20A,TE22A,RE26A	4.4549	-6.0	-11.78	-24.03	-5.42	34.79	-29.22	2.47	0.39	3.76	11.92	9.29	-7.19	-0.45	0.0	0.0	0.0	-1.9	0.0	0.06	2.38	0.89442	-3.56048
4K71_A_BC	MA418V,AA420T,GA505R	4.9972	-6.37	-17.58	-29.36	-4.66	41.33	-36.12	6.25	0.91	5.97	16.9	5.9	-8.06	-0.64	0.0	0.0	-0.0	-1.0	0.0	0.03	2.38	1.80191	-3.19529
4K71_A_BC	MA418V,AA420T,AA547V	0.6371	-6.2	-18.18	-27.38	-4.37	39.04	-33.79	1.94	0.27	5.42	14.81	6.08	-7.72	-0.64	0.0	0.0	-0.0	-0.7	0.0	0.03	2.38	2.85274	2.21564
4K71_A_BC	MA418V,GA505E,AA547V	7.6031	-5.96	-17.07	-28.82	-4.67	41.71	-35.74	8.08	0.25	5.69	15.36	5.94	-7.78	-0.66	0.0	0.0	-0.0	-0.51	0.0	0.03	2.38	2.9262	-4.6769
4K71_A_BC	AA420T,GA505E,AA547V	5.5527	-6.45	-17.43	-29.1	-4.95	42.19	-35.77	7.19	0.29	6.06	15.27	6.06	-8.04	-0.65	0.0	0.0	-0.0	-0.53	0.0	0.03	2.38	3.12745	-2.42525
4K71_A_BC	MA418V,AA420T,GA505R	2.8873	-6.41	-17.03	-29.06	-4.75	41.33	-35.73	4.56	0.87	5.73	15.71	5.84	-8.24	-0.64	0.0	0.0	-0.0	-1.04	0.0	0.03	2.38	1.80191	-1.08539
4K71_A_BC	MA418V,AA420T,GA505R	0.9819	-7.25	-18.42	-29.89	-5.4	42.77	-36.24	4.21	0.3	5.78	17.12	5.94	-7.96	-0.63	0.0	0.0	-0.0	-1.06	0.0	0.03	2.38	1.80191	0.82001
4NKQ_C_AB	LB167A,TB168A,SB169A	-0.571	-6.05	-9.22	-12.51	-3.23	19.24	-13.96	0.31	0.29	2.42	10.83	4.28	-1.71	0.2	0.0	0.0	0.0	-0.55	0.0	0.08	2.38	0.11	0.681
4NKQ_C_AB	RB170A,NB171A,YB172A	0.4231	-6.02	-9.19	-11.67	-2.34	18.25	-12.88	0.29	0.28	2.48	10.52	3.69	-1.97	0.18	0.0	0.0	0.0	-0.23	0.0	0.08	2.38	-0.3314	-0.7545
4NKQ_C_AB	DB192A,TB193A,KB194A	-0.3849	-5.07	-8.46	-11.65	-3.04	17.42	-12.82	0.26	0.26	2.36	9.84	4.07	-2.1	0.15	0.0	0.0	0.0	-0.75	0.0	0.08	2.38	0.3534	0.7383
4NKQ_C_AB	KB195A,IB196A,EB197A	-0.6026	-5.81	-9.0	-12.22	-3.25	18.75	-13.24	0.4	0.29	2.49	10.3	4.03	-2.03	0.21	0.0	0.0	0.0	-0.54	0.0	0.08	2.38	-0.701	-0.0984
4NKQ_C_AB	DC112K,RB170D,KB195D	0.0511	-5.62	-10.06	-11.89	-3.06	19.21	-12.9	0.29	0.27	2.47	11.34	3.76	-2.41	0.2	0.0	0.0	0.0	-0.56	0.0	0.08	2.38	0.5353	0.4842
4RA0_A_C	GC87D,AC92V,RC127G	0.226	-10.3	-14.94	-20.46	-5.31	28.85	-25.56	0.81	0.18	1.48	17.11	8.58	-3.45	0.17	0.0	-0.0	0.0	-2.8	0.0	0.0	2.38	0.6358	0.4098
4RA0_A_C	SC32G,AC92V,RC127G	-0.0439	-10.2	-15.82	-20.22	-4.94	27.96	-25.44	1.16	0.18	1.38	16.77	8.8	-3.24	0.16	0.0	-0.0	0.0	-2.53	0.0	0.0	2.38	0.4425	0.4864
4RA0_A_C	SC32G,GC87D,AC92V	-0.7499	-10.24	-15.81	-20.26	-5.32	28.04	-25.48	1.17	0.18	1.48	16.83	8.54	-3.13	0.17	0.0	-0.0	0.0	-2.79	0.0	0.0	2.38	0.8264	1.5763
4RA0_A_C	GC87D,AC92V,RC127G	-0.7298	-10.24	-15.82	-20.25	-5.3	28.02	-25.45	1.16	0.18	1.48	16.83	8.54	-3.13	0.17	0.0	-0.0	0.0	-2.78	0.0	0.0	2.38	0.6358	1.3656
4RA0_A_C	SC32G,GC87D,AC92V	-0.7502	-10.24	-15.82	-20.25	-5.32	28.02	-25.45	1.16	0.18	1.48	16.83	8.54	-3.13	0.17	0.0	-0.0	0.0	-2.79	0.0	0.0	2.38	0.8264	1.5766
4RA0_A_C	SC32G,AC92V,RC127G	-0.0436	-10.2	-15.82	-20.22	-4.94	27.96	-25.44	1.15	0.18	1.38	16.77	8.8	-3.24	0.16	0.0	-0.0	0.0	-2.53	0.0	0.0	2.38	0.4425	0.4861
4RS1_A_B	RB65A,EB66A,HB70A	2.7557	-6.88	-10.42	-18.15	-4.73	25.92	-22.87	0.9	0.45	5.52	13.58	6.12	-2.93	-0.31	0.0	0.03	-0.0	-1.67	0.0	0.0	2.38	-0.5464	-3.3021
4RS1_A_B	LB167A,TB168A,SB169A	-0.4558	-7.99	-12.23	-19.3	-5.53	28.0	-24.27	0.91	0.48	5.51	15.09	5.61	-3.08	-0.25	0.0	0.03	-0.0	-1.66	0.0	0.0	2.38	-0.2159	0.2399
4X4M_AB_E	KE173A,HE174A,RE175A	1.86113	-3.3	-4.8	-16.02	-1.15	21.03	-21.99	8.69	0.72	2.04	10.21	6.66	-2.14	0.0	0.0	0.0	0.0	-0.64	0.0	0.06	2.38	1.78727	-0.07386
4YFD_A_B	EA234Q,RA236E,EA237Q	1.0537	-3.57	-13.01	-27.44	-8.01	36.51	-36.9	0.97	0.62	2.45	17.44	7.78	-7.29	-0.19	0.0	-0.0	-0.0	-2.12	0.0	-0.0	2.38	0.17252	-0.88118
4YH7_A_B	EA234Q,RA236E,EA237Q	0.9424	-1.35	-4.22	-20.88	-3.78	24.73	-28.07	1.22	0.28	1.91	11.07	9.63	-4.7	0.0	0.0	0.0	0.0	-2.28	0.0	0.0	2.38	0.03822	-0.90418
5C6T_HL_A	YA280A,NA293A,DA295A	0.44843	-1.67	-3.14	-11.07	0.15	12.84	-13.8	1.24	0.3	5.34	3.55	4.7	-2.09	0.0	0.0	0.0	-0.0	0.12	0.0	0.0	2.38	2.9423	2.49387
5E9D_AB_CDE	GD28E,TD91Q,AE99Y	-1.0054	-7.74	-8.44	-27.45	-3.7	39.05	-38.22	1.04	0.22	3.03	11.07	4.0	-4.31	-0.35	0.0	0.0	-0.0	-0.04	0.0	0.09	2.38	-2.47402	-1.46862
5UFE_A_B	QB27R,EB35G,DB36G	-0.3449	-3.12	-2.71	-15.09	-2.78	13.91	-21.72	1.3	0.14	1.1	5.4	1.34	-2.09	-0.01	0.0	0.0	0.0	-0.63	0.0	0.0	2.38	0.09747	0.44237
5UFQ_A_C	DA12G,QC27R,KC59G	0.7303	-3.8	-4.6	-15.43	-5.23	17.76	-20.85	0.46	0.11	1.58	8.78	2.32	-1.88	0.12	0.0	0.0	0.0	-1.0	0.0	-0.0	2.38	1.51307	0.78277
