system	mutation	ddG_foldx	BackHbond	SideHbond	Energy_VdW	Electro	Energy_SolvP	Energy_SolvH	Energy_vdwclash	energy_torsion	backbone_vdwclash	Entropy_sidec	Entropy_mainc	water bonds	helix dipole	cis_bond	kn electrostatic	Energy_Ionisation	exp_ddG	diff
1A22_A_B	NB272A,TB273A,QB274A,EB275A,WB276A,WB280A	3.0171	-4.68	-12.01	-23.59	-6.81	34.1	-27.96	3.13	0.56	3.77	9.1	6.15	-6.15	-0.02	0.0	-1.37	0.11	0.166	-2.8511
1A22_A_B	QA22N,FA25S,DA26E,QA29S,EA30Q,EA33K	0.2504	-5.17	-13.54	-24.41	-6.76	34.8	-29.02	3.19	0.54	3.95	9.79	5.7	-6.17	0.05	0.0	-1.3	0.11	-0.0942	-0.3446
1AO7_ABC_DE	DD26W,RD27F,GD28T,SD51M,SD100T,RE102P	-4.0335	-4.73	-6.86	-19.81	-2.8	24.68	-26.18	1.37	0.54	5.62	9.62	3.03	-2.51	0.07	0.0	-0.2	-0.0	-3.37218	0.66132
1BP3_A_B	QA22N,FA25S,DA26E,QA29S,EA30Q,EA33K	1.7358	-1.94	-12.11	-18.74	-3.69	26.19	-23.47	1.16	0.97	2.41	10.1	4.51	-5.55	0.05	0.0	-1.05	0.32	1.6095	-0.1263
1CHO_EFG_I	TI17P,LI18K,EI19D,LI23V,SI51N,HI52R	0.3086	-9.2	-2.66	-15.4	-1.63	21.39	-18.75	0.42	0.18	4.06	5.85	4.34	-1.95	0.03	0.0	-0.46	0.02	6.9044	6.5958
1CHO_EFG_I	TI17P,LI18K,EI19D,LI23V,GI32S,SI51N	0.8494	-9.19	-2.69	-15.73	-1.54	22.08	-19.07	1.19	0.18	3.95	6.11	3.99	-2.24	0.03	0.0	-0.4	0.02	7.41803	6.56863
1CHO_EFG_I	EI10D,RI21M,KI29Q,GI32S,NI36S,EI43D	2.7135	-7.77	-0.74	-14.61	-1.07	17.41	-19.38	1.48	0.27	3.86	4.36	5.37	-0.94	-0.03	0.0	-0.11	0.37	1.2868	-1.4267
1CHO_EFG_I	DI7N,EI10G,LI18M,RI21M,EI43D,KI55E	-0.0459	-7.75	-0.71	-15.9	-1.24	17.91	-21.1	1.14	0.19	4.15	5.0	4.8	-0.81	-0.03	0.0	-0.02	0.37	1.8871	1.933
1CHO_EFG_I	YI11H,YI20D,TI30I,GI32S,NI36D,VI42L	1.0087	-7.78	-2.83	-14.63	-2.75	20.32	-18.0	1.48	0.28	3.87	4.18	4.26	-1.65	-0.03	0.0	-0.33	0.37	6.79097	5.78227
1CHO_EFG_I	EI10D,RI21M,LI23F,NI28S,GI32S,EI43D	2.1646	-7.79	-0.71	-14.93	-1.08	18.05	-19.75	1.5	0.33	3.8	4.47	4.64	-0.91	-0.03	0.0	-0.11	0.37	2.632	0.4674
1CHO_EFG_I	EI10D,AI15V,TI17S,RI21M,VI42A,EI43D	3.5057	-7.83	-0.67	-14.96	-1.08	17.29	-19.94	3.47	0.35	3.9	4.54	4.87	-0.86	-0.03	0.0	-0.12	0.37	5.17517	1.66947
1CHO_EFG_I	KI13S,PI14D,AI15Y,LI18G,EI19I,RI21K	6.0108	-7.37	-1.23	-13.19	-0.62	15.53	-16.8	1.28	1.21	3.95	4.86	5.96	-1.31	-0.08	0.0	-0.38	0.05	7.19332	1.18252
1CZ8_HL_VW	LL4M,DH28T,HH31N,TH105K,YH103I,GH104A	0.0645	-7.18	-10.62	-21.74	-0.47	26.83	-26.6	2.7	0.65	3.18	8.52	3.71	-1.26	-0.0	-0.0	-0.02	0.11	1.3635	1.299
1CZ8_HL_VW	LL4M,DH28T,HH31N,YH101H,TH105S,YH54W	5.3483	-7.17	-6.79	-21.44	-0.57	27.1	-26.04	2.99	0.65	2.76	8.02	4.42	-1.37	-0.0	-0.0	-0.01	0.15	1.6574	-3.6909
1CZ8_HL_VW	LL4M,DH28T,HH31N,TH105N,YH103R,GH104D	0.0886	-7.17	-11.82	-22.04	-1.56	28.14	-26.44	2.75	0.66	3.07	9.66	4.33	-1.82	-0.0	-0.0	-0.14	0.11	0.7994	0.7108
1MLC_AB_E	NA92A,TB28D,SB57V,TB58D,SA91N,SA93A	-3.5072	-1.3	-5.0	-14.02	-4.94	19.51	-15.82	2.11	0.6	2.42	3.86	2.98	-2.64	0.0	0.0	-0.7	0.0	-1.6104	1.8968
1MLC_AB_E	NA92A,TB28D,SB57V,TB58D,RB98M,DB100Q	-3.6895	-1.84	-5.64	-13.96	-4.66	18.91	-15.76	1.86	0.64	2.42	4.35	3.23	-1.97	0.0	0.0	-0.7	0.0	-0.4105	3.279
1MLC_AB_E	NA92A,TB28D,SB57V,TB58D,YB32R,RB98S	-3.0754	-2.16	-5.91	-13.96	-4.96	19.48	-15.46	2.56	0.68	2.36	4.24	3.25	-1.96	0.0	0.0	-0.71	0.0	1.84961	4.92501
1MLC_AB_E	NA92A,TB28D,SB57V,TB58D,EB35S,GB99D	-2.1691	-1.29	-2.88	-13.52	-4.87	19.17	-15.35	0.65	0.65	2.27	3.21	3.39	-2.51	0.0	0.0	-0.67	0.0	-2.9538	-0.7847
1PPF_E_I	EI10D,RI21M,KI29Q,GI32S,NI36S,EI43D	3.2699	-7.52	-3.18	-15.1	0.22	16.6	-21.29	6.47	0.82	3.88	4.51	4.62	-0.87	-0.03	0.0	0.07	0.06	-0.4425	-3.7124
1PPF_E_I	DI7N,EI10G,LI18M,RI21M,EI43D,KI55E	-1.0961	-7.08	-1.55	-14.53	0.1	15.24	-20.69	0.92	0.76	3.8	4.27	4.33	-0.83	-0.03	0.0	0.04	0.06	0.0379	1.134
1PPF_E_I	EI10D,RI21M,LI23F,NI28S,GI32S,EI43D	3.7201	-7.17	-2.78	-14.94	0.29	16.45	-21.3	6.35	0.72	3.8	4.37	4.57	-0.87	-0.03	0.0	0.13	0.06	0.4544	-3.2657
1PPF_E_I	EI10D,AI15V,TI17S,RI21M,VI42A,EI43D	-1.8935	-7.18	-1.4	-15.05	0.29	15.84	-21.74	0.73	0.64	3.93	4.58	4.26	-0.89	-0.03	0.0	0.13	0.05	1.2094	3.1029
1PPF_E_I	KI13S,PI14D,AI15Y,LI18G,EI19I,RI21K	3.5409	-7.14	-1.97	-13.32	-0.11	14.89	-18.35	1.92	0.95	3.89	4.63	5.35	-1.06	-0.03	0.0	-0.15	0.05	3.98873	0.44783
1R0R_E_I	TI17P,LI18K,EI19D,LI23V,GI32S,SI51N	2.8964	-9.85	-2.88	-15.77	-1.46	24.05	-19.26	4.31	0.22	3.03	4.71	6.72	-2.23	-0.02	-0.0	-0.06	0.37	7.57145	4.67505
1R0R_E_I	EI10D,RI21M,KI29Q,GI32S,NI36S,EI43D	-0.1932	-8.92	-0.82	-15.07	-0.34	19.03	-19.61	1.61	0.41	2.94	4.17	7.1	-2.04	-0.14	-0.0	0.03	0.34	0.6594	0.8526
1R0R_E_I	DI7N,EI10G,LI18M,RI21M,EI43D,KI55E	0.1889	-8.48	-0.19	-14.4	-0.4	17.58	-18.61	2.41	0.32	2.67	3.19	6.54	-2.04	-0.09	-0.0	-0.04	0.36	-1.035	-1.2239
1R0R_E_I	EI10D,RI21M,LI23F,NI28S,GI32S,EI43D	-0.492	-8.54	-1.26	-14.97	-0.35	18.69	-19.41	1.53	0.4	2.91	4.07	6.96	-1.91	-0.12	-0.0	0.03	0.36	1.2801	1.7721
1R0R_E_I	EI10D,AI15V,TI17S,RI21M,VI42A,EI43D	-0.0417	-8.62	-0.49	-15.18	-0.23	18.32	-20.14	2.96	0.81	2.87	4.01	6.22	-2.04	-0.09	-0.0	0.05	0.34	-1.141	-1.0993
1R0R_E_I	KI13S,PI14D,AI15Y,LI18G,EI19I,RI21K	3.0821	-8.25	-0.46	-14.39	-0.23	18.2	-18.02	2.5	0.75	2.97	3.68	7.39	-2.38	-0.18	-0.0	0.06	0.37	0.79	-2.2921
1YCS_A_B	MA133L,VA203A,NA239Y,NA268D,RA249S,HA168R	-2.4779	-5.47	-12.6	-14.64	-5.33	20.59	-15.72	1.94	0.47	3.23	11.06	2.74	-1.79	0.21	0.0	-2.36	0.07	0.50082	2.97872
2B2X_HL_A	VH50T,EH64K,QL28S,YL52N,SL91R,NL30E	2.8003	-3.93	-9.03	-17.24	-1.97	27.07	-18.55	2.24	0.64	3.43	6.86	4.28	-3.45	0.13	0.0	-0.17	0.45	3.77016	0.96986
2B2X_HL_A	VH50T,EH64K,QL28S,YL52N,WL90Q,FL33Y	2.6081	-3.95	-11.62	-16.87	-1.99	27.13	-17.67	2.99	0.21	3.23	7.76	3.95	-3.08	0.1	0.0	-0.27	0.45	1.9142	-0.6939
2B2X_HL_A	VH50T,EH64K,QL28S,YL52N,SH35A,GH102S	3.9056	-4.03	-10.43	-17.19	-1.99	27.24	-18.16	3.48	0.68	3.25	6.98	4.39	-2.82	0.1	0.0	-0.27	0.47	2.61578	-1.28982
2B2X_HL_A	VH50T,EH64K,QL28S,YL52N,SH35V,GH102S	4.3975	-4.04	-10.38	-16.83	-2.01	27.01	-17.56	3.24	0.66	3.2	6.91	4.39	-2.75	0.1	0.0	-0.28	0.47	2.46878	-1.92872
2B2X_HL_A	VH50T,EH64K,QL28S,YL52N,NL30Y,SL91I	-0.2046	-4.01	-10.99	-18.42	-2.1	27.51	-20.5	2.18	1.04	3.35	7.87	4.3	-2.86	0.1	0.0	-0.26	0.48	1.4775	1.6821
2B2X_HL_A	VH50T,EH64K,QL28S,YL52N,TH33E,GH53Q	11.50449	-4.27	-10.7	-18.42	-1.74	29.93	-19.39	10.78	0.7	3.6	6.94	3.78	-1.9	0.09	0.0	-0.23	0.47	2.71055	-8.79394
2NY7_HL_G	WG95M,MG433A,CG96W,CG275V,CG109I,CG428Q	0.0185	-7.29	-7.14	-16.74	-0.8	21.75	-20.06	1.21	0.12	2.88	7.46	6.33	-3.73	-0.0	-0.0	-0.32	-0.0	0.449	0.4305
2NY7_HL_G	WG95M,MG433A,CG96W,CG275V,KG231C,EG267C	0.1697	-7.28	-7.14	-16.75	-0.79	21.83	-20.05	1.22	0.12	2.9	7.44	6.34	-3.69	-0.0	-0.0	-0.3	-0.0	0.55096	0.38126
2P5E_ABC_DE	TD51Q,PD52S,WD53S,AE49G,IE50A,QE51G	3.3311	-6.14	-10.54	-21.02	-1.31	25.78	-26.67	1.36	0.16	4.76	8.78	4.41	-4.14	-0.01	-0.0	-0.14	0.03	4.40767	1.07657
2PYE_ABC_DE	QD51T,SD52P,SD53W,GE49A,AE50I,GE51Q	2.6557	-5.24	-10.9	-22.06	-1.51	26.69	-28.7	4.27	0.93	4.33	10.67	4.74	-3.62	0.02	-0.0	-0.14	0.04	-4.40767	-7.06337
2PYE_ABC_DE	TE52I,LD95T,LD96S,DD97G,TD99S,LE94V	0.4595	-5.69	-10.65	-19.96	-1.24	23.8	-25.82	0.7	0.17	3.93	9.41	5.43	-3.09	0.07	-0.0	-0.15	0.01	3.54423	3.08473
2VN5_A_B	SB47A,TB48F,TA45A,NA47A,YA49A,NA91A	2.9291	-2.33	-3.89	-13.27	-0.92	13.52	-21.74	0.39	0.04	2.2	9.13	1.18	-2.01	-0.04	0.0	-0.71	0.0	5.21278	2.28368
3G6D_LH_A	EL3V,GL76R,TL77V,QL78E,EL80G,DH54N	0.1634	-4.39	-10.48	-15.43	-7.41	23.13	-19.59	0.28	0.17	2.12	11.13	2.9	-3.93	0.28	0.0	-1.84	0.01	0.1112	-0.0522
3IDX_HL_G	WG95M,MG433A,CG96W,CG275V,CG109I,CG428Q	-0.0989	-4.75	-6.85	-11.44	-2.76	15.63	-15.8	0.41	0.15	0.96	8.1	3.0	-2.58	-0.04	0.0	-0.56	0.0	-2.34782	-2.24892
3IDX_HL_G	WG95M,MG433A,CG96W,CG275V,KG231C,EG267C	0.048	-4.75	-6.85	-11.44	-2.76	15.63	-15.8	0.41	0.15	0.96	8.28	3.02	-2.66	-0.04	0.0	-0.55	0.0	-0.36165	-0.40965
3MZW_A_B	NB6A,NB23T,SB33K,AB42S,AB46S,AB54S	0.1207	-2.21	-11.19	-14.21	-2.8	18.12	-17.87	1.19	0.19	2.45	9.61	1.74	-3.09	-0.04	0.0	-0.66	0.01	-0.2149	-0.3356
3SGB_E_I	TI17P,LI18K,EI19D,LI23V,SI51N,HI52R	-2.5504	-8.84	-3.18	-12.85	-0.33	18.46	-16.16	0.22	0.11	3.14	3.58	5.66	-2.35	-0.1	0.0	-0.09	0.01	4.76604	7.31644
3SGB_E_I	TI17P,LI18K,EI19D,LI23V,GI32S,SI51N	2.7429	-8.93	-3.28	-13.14	-0.79	19.14	-16.26	5.61	0.05	3.11	3.79	5.61	-2.55	-0.05	0.0	-0.13	0.35	4.98488	2.24198
3SGB_E_I	EI10D,RI21M,KI29Q,GI32S,NI36S,EI43D	3.52024	-8.17	-2.54	-12.68	-0.19	16.79	-16.4	5.4	0.03	3.2	3.06	5.73	-1.07	-0.16	0.0	0.03	0.34	1.6717	-1.84854
3SGB_E_I	DI7N,EI10G,LI18M,RI21M,EI43D,KI55E	-0.1194	-7.2	-1.68	-12.35	-0.63	14.97	-16.03	3.1	0.02	3.16	2.21	5.58	-1.31	-0.18	0.0	-0.3	0.34	0.0193	0.1387
3SGB_E_I	YI11H,YI20D,TI30I,GI32S,NI36D,VI42L	3.98358	-8.04	-1.57	-12.56	-1.97	17.75	-15.98	5.4	0.03	3.19	3.35	5.56	-1.36	-0.11	0.0	-0.18	0.34	5.53478	1.5512
3SGB_E_I	EI10D,RI21M,LI23F,NI28S,GI32S,EI43D	2.8668	-7.25	-1.75	-12.51	-0.2	15.85	-16.32	5.53	0.04	3.09	2.04	5.17	-1.22	-0.18	0.0	-0.01	0.34	1.5853	-1.2815
3SGB_E_I	EI10D,AI15V,TI17S,RI21M,VI42A,EI43D	0.6564	-8.1	-2.55	-13.19	-0.3	16.69	-17.38	4.36	0.1	3.32	3.19	5.41	-1.02	-0.16	0.0	-0.05	0.34	1.484	0.8276
3SGB_E_I	KI13S,PI14D,AI15Y,LI18G,EI19I,RI21K	2.6846	-6.91	-1.56	-12.54	0.32	14.78	-16.18	2.99	0.02	3.16	2.82	6.51	-1.27	-0.01	0.0	0.06	0.34	0.0946	-2.59
3VR6_ABCDEF_GH	LA476A,LB476A,LC476A,VA477A,VB477A,VC477A	9.1202	-10.39	-22.49	-40.09	-10.66	54.8	-52.65	0.82	0.33	7.31	32.8	6.06	-11.98	-2.82	0.0	-2.7	-0.0	-0.2219	-9.3421
4G0N_A_B	FB61W,RB67L,VB69E,NB71R,KB84R,VB88I	-0.141	-7.21	-7.29	-12.48	-4.72	19.05	-14.67	0.7	0.17	1.41	7.04	5.02	-1.22	0.24	0.0	-1.85	0.0	3.60223	3.74323
4MNQ_ABC_DE	KC4A,IE50V,HE51G,PE52A,EE53G,YE54I	5.3997	-3.45	-9.89	-18.66	-2.35	24.61	-24.1	2.65	0.79	4.37	7.81	3.57	-2.61	-0.28	-0.0	-0.37	0.0	4.2458	-1.1539
4MNQ_ABC_DE	LC6A,IE50V,HE51G,PE52A,EE53G,YE54I	3.0399	-5.53	-13.07	-19.53	-3.74	29.41	-24.19	2.35	0.92	4.76	9.47	4.53	-4.4	-0.27	-0.0	-0.61	0.01	4.66753	1.62763
4NKQ_C_AB	YB224A,QB225A,KB226A,LB227A,SB228A,YB229A	0.5993	-5.06	-8.35	-12.09	-3.3	18.43	-13.23	0.28	0.28	2.42	10.13	4.08	-1.65	0.17	0.0	-0.59	0.08	-0.3106	-0.9099
