system	mutation	ddG_foldx	BackHbond	SideHbond	Energy_VdW	Electro	Energy_SolvP	Energy_SolvH	Energy_vdwclash	energy_torsion	backbone_vdwclash	Entropy_sidec	Entropy_mainc	water bonds	helix dipole	cis_bond	kn electrostatic	Energy_Ionisation	exp_ddG	diff
1A22_A_B	SB298A,SB302A	0.4438	-5.07	-12.42	-24.56	-6.9	34.61	-29.87	3.8	0.55	3.77	9.57	5.91	-5.87	0.09	0.0	-1.31	0.12	-0.5693	-1.0131
1A22_A_B	EB320A,KB321A	-0.8609	-4.98	-12.42	-24.4	-6.91	34.84	-29.34	2.45	0.7	3.77	8.81	5.86	-5.99	0.02	0.0	-1.43	0.12	-0.3446	0.5163
1A22_A_B	RB417A,NB418A	0.2735	-4.8	-10.52	-23.06	-6.67	31.49	-28.81	3.06	0.4	3.69	9.11	5.7	-6.37	0.09	0.0	-1.21	0.06	0.9022	0.6287
1A22_A_B	KA168A,EA174A	1.7102	-4.2	-11.76	-23.92	-6.45	32.3	-29.24	2.98	0.51	3.61	9.93	5.89	-5.14	0.09	0.0	-1.12	0.04	-0.7694	-2.4796
1A22_A_B	RA64A,DA171A	3.4369	-5.24	-11.53	-23.56	-4.12	31.58	-29.06	3.64	0.53	3.98	9.6	5.92	-5.76	0.15	0.0	-0.63	0.12	3.32107	-0.11583
1A22_A_B	KA172A,FA176A	0.5687	-4.99	-12.2	-24.3	-6.86	34.98	-29.11	3.35	0.51	4.06	9.35	5.87	-6.67	0.09	0.0	-1.37	0.12	3.77892	3.21022
1A4Y_A_B	YA434A,DA435A	4.4586	-1.93	-17.28	-17.8	-6.75	25.45	-20.3	1.39	0.47	1.4	12.47	3.57	-4.42	-0.16	0.0	-2.43	0.06	6.8174	2.3588
1A4Y_A_B	YA434A,YA437A	5.1049	-2.56	-16.56	-17.19	-8.12	26.68	-18.94	1.24	0.46	1.41	11.58	3.82	-4.85	-0.06	0.0	-2.56	0.03	6.6419	1.537
1A4Y_A_B	RB5A,YA434A	7.7663	-0.7	-16.44	-16.54	-6.4	24.92	-19.43	1.41	0.38	1.31	12.0	3.48	-4.95	-0.06	0.0	-2.22	0.2	6.9762	-0.7901
1A4Y_A_B	RB5A,DA435A	7.8807	-0.72	-16.2	-17.62	-4.05	23.86	-21.06	1.53	0.35	1.41	12.17	3.64	-4.35	-0.14	0.0	-1.72	0.06	6.77	-1.1107
1A4Y_A_B	KB40G,YA434F	3.4907	-1.98	-17.22	-18.84	-7.34	27.29	-21.56	1.79	0.53	1.52	12.61	3.86	-5.2	-0.06	0.0	-2.62	0.1	6.662	3.1713
1A4Y_A_B	KB40G,DA435A	4.1641	-2.12	-17.37	-18.72	-6.53	26.1	-21.31	1.49	0.49	1.59	12.83	3.96	-4.37	-0.16	0.0	-2.33	0.07	4.1054	-0.0587
1A4Y_A_B	KB40G,YA437A	5.5342	-2.9	-16.42	-17.83	-7.11	26.64	-19.71	1.35	0.49	1.55	11.99	4.32	-4.85	-0.06	0.0	-2.57	0.08	6.4508	0.9166
1AO7_ABC_DE	DD26A,EA58A	1.3128	-4.63	-6.84	-16.05	-1.75	20.95	-20.35	0.67	0.07	4.51	8.6	3.07	-2.2	0.07	0.0	-0.03	-0.0	0.74922	-0.56358
1AO7_ABC_DE	RD27A,RA170A	0.4424	-4.63	-6.83	-15.89	-1.86	21.11	-20.24	0.68	0.07	4.6	8.42	2.37	-2.3	-0.2	0.0	-0.0	-0.0	1.18591	0.74351
1AO7_ABC_DE	QD30V,LC1A	0.4922	-3.82	-6.17	-15.22	-1.87	19.87	-19.62	0.67	0.07	4.42	7.21	2.28	-2.43	-0.15	0.0	-0.07	-0.0	0.72335	0.23115
1AO7_ABC_DE	QD30V,YA159A	-0.1086	-3.82	-6.17	-15.5	-1.88	20.13	-20.09	0.68	0.07	4.56	7.35	2.33	-2.72	-0.15	0.0	-0.07	-0.0	3.3286	3.4372
1AO7_ABC_DE	SD31A,YC5A	3.3864	-4.5	-5.63	-13.85	-2.05	18.94	-17.78	0.54	0.05	3.58	8.05	2.72	-2.64	-0.15	0.0	-0.07	-0.0	1.70863	-1.67777
1AO7_ABC_DE	SD31A,YC5F	0.541	-4.54	-5.63	-15.69	-1.95	20.19	-20.45	0.64	0.04	4.3	8.39	2.59	-2.58	-0.15	0.0	-0.07	-0.0	-0.04053	-0.58153
1AO7_ABC_DE	ND52A,EA166A	-0.0989	-4.61	-6.83	-16.12	-1.8	21.17	-20.41	0.69	0.06	4.64	8.5	2.3	-2.66	-0.15	0.0	0.03	-0.0	3.14158	3.24048
1AO7_ABC_DE	KD68A,TA163A	0.3939	-4.61	-6.83	-15.97	-1.88	20.93	-20.28	0.67	0.06	4.59	8.35	2.65	-2.21	-0.18	0.0	-0.06	-0.0	0.97761	0.58371
1AO7_ABC_DE	KD68A,EA166A	0.1248	-4.61	-6.83	-16.09	-1.84	21.05	-20.41	0.69	0.06	4.59	8.48	2.57	-2.5	-0.18	0.0	-0.02	-0.0	3.03224	2.90744
1AO7_ABC_DE	TD93A,YC5A	4.1035	-4.5	-5.6	-13.89	-1.98	19.06	-17.8	0.47	0.05	3.46	8.09	3.45	-2.78	-0.15	0.0	-0.07	-0.0	3.02945	-1.07405
1AO7_ABC_DE	TD98A,RA65A	2.3813	-4.58	-4.58	-14.98	-0.13	18.85	-19.67	0.34	0.06	4.2	7.21	2.63	-2.55	-0.15	0.0	0.18	-0.0	2.42225	0.04095
1AO7_ABC_DE	DD99N,RA65A	1.3559	-4.65	-6.08	-15.33	0.09	18.83	-20.02	0.36	0.16	4.13	7.53	3.03	-2.43	-0.09	0.0	0.21	-0.0	3.0828	1.7269
1AO7_ABC_DE	SD100A,YC5A	3.6249	-4.5	-5.63	-13.91	-2.01	18.98	-17.95	0.52	0.05	3.47	8.18	3.22	-2.85	-0.15	0.0	-0.07	-0.0	1.86007	-1.76483
1AO7_ABC_DE	WD101A,AA69G	2.8884	-4.62	-6.8	-14.88	-1.89	20.79	-18.26	0.67	0.06	4.17	8.31	2.7	-2.72	-0.15	0.0	-0.07	-0.0	2.904	0.0156
1AO7_ABC_DE	EE30A,YC8A	1.7596	-4.73	-5.59	-15.09	-1.77	20.3	-18.94	0.63	0.06	4.32	7.62	2.44	-2.7	-0.15	0.0	-0.06	-0.0	3.42372	1.66412
1AO7_ABC_DE	RE95A,YC5F	0.9593	-4.5	-5.63	-15.69	-2.08	20.41	-20.37	0.59	0.04	4.08	8.54	3.07	-2.83	-0.17	0.0	-0.17	-0.0	0.60568	-0.35362
1AO7_ABC_DE	PE103A,QA155A	2.3716	-3.98	-6.09	-15.35	-1.92	20.67	-19.49	0.66	0.07	4.71	7.71	3.0	-2.43	-0.15	0.0	-0.07	-0.0	0.92989	-1.44171
1AO7_ABC_DE	DD99A,QA72A	1.9267	-4.54	-6.02	-14.51	0.13	17.93	-19.01	0.31	0.05	3.93	7.15	2.57	-1.95	-0.1	0.0	0.17	-0.0	1.06031	-0.86639
1AO7_ABC_DE	RE102A,YC5A	3.837	-4.5	-5.63	-13.51	-2.21	18.61	-17.31	0.52	0.04	3.45	8.05	2.99	-2.63	-0.12	0.0	-0.21	-0.0	1.88499	-1.95201
1AO7_ABC_DE	GD28I,SD100A	-2.769	-4.69	-6.93	-17.62	-2.05	22.33	-23.25	0.91	0.26	5.2	9.24	2.33	-2.83	-0.15	0.0	-0.07	-0.0	-0.3829	2.3861
1AO7_ABC_DE	GD28I,SD100T	-2.421	-4.74	-6.93	-17.83	-2.05	22.72	-23.43	0.85	0.39	5.26	9.08	2.32	-2.33	-0.15	0.0	-0.07	-0.0	-0.89916	1.52184
1AO7_ABC_DE	GD28L,SD100A	-3.2116	-4.69	-6.94	-17.95	-2.0	22.26	-23.96	1.1	0.46	5.24	9.4	2.31	-2.72	-0.15	0.0	-0.07	-0.0	-0.50834	2.70326
1AO7_ABC_DE	GD28L,SD100T	-3.184	-4.77	-6.89	-18.15	-1.98	22.63	-24.15	0.9	0.62	5.34	9.24	2.3	-2.47	-0.15	0.0	-0.07	-0.0	-1.02809	2.15591
1AO7_ABC_DE	GD28M,SD100A	-3.317	-4.75	-6.96	-18.34	-2.04	22.61	-24.15	1.14	0.13	5.43	9.78	2.31	-2.57	-0.15	0.0	-0.07	-0.0	-0.80422	2.51278
1AO7_ABC_DE	GD28M,SD100T	-3.3005	-4.79	-6.95	-18.6	-2.04	23.01	-24.45	1.13	0.23	5.5	9.64	2.3	-2.3	-0.15	0.0	-0.07	-0.0	-1.74639	1.55411
1AO7_ABC_DE	GE101A,RE102Q	-1.2272	-5.29	-7.42	-17.32	-2.1	22.57	-22.09	1.57	0.1	5.5	9.42	2.4	-2.49	-0.12	0.0	-0.21	-0.0	-1.56273	-0.33553
1AO7_ABC_DE	AE99M,GE100S	-0.3237	-3.83	-6.04	-16.58	-1.96	21.0	-21.15	1.06	0.14	5.08	8.04	2.08	-2.61	-0.15	0.0	-0.07	-0.0	-1.04431	-0.72061
1AO7_ABC_DE	KD103P,RE102P	-1.3889	-4.64	-8.41	-16.32	-2.11	21.23	-20.85	0.95	0.07	4.51	8.7	3.12	-2.49	-0.14	0.0	-0.25	-0.0	-1.22068	0.16822
1B41_A_B	TB8V,TB9I	-2.6356	-8.04	-10.0	-22.42	-1.36	25.15	-31.28	1.39	0.85	4.68	9.09	7.29	-3.67	-0.06	0.0	-0.59	0.09	0.3945	3.0301
1B41_A_B	TB8V,TB9N	-0.3771	-7.9	-10.0	-21.64	-1.36	25.24	-29.36	1.37	0.89	4.59	8.29	7.54	-3.79	-0.06	0.0	-0.58	0.09	2.4266	2.8037
1BD2_ABC_DE	EE30A,YC8A	1.7854	-4.29	-5.44	-14.7	-2.04	18.42	-18.66	1.71	0.52	6.4	6.12	2.16	-3.73	-0.24	-0.0	-0.52	0.0	3.96468	2.17928
1BD2_ABC_DE	ED94A,RA65A	3.7736	-2.99	-5.24	-13.56	-1.3	16.18	-17.94	1.7	0.3	5.29	5.2	2.66	-3.25	-0.0	-0.0	-0.43	-0.0	3.11369	-0.65991
1BD2_ABC_DE	DD30N,YC5A	4.1962	-4.65	-4.6	-13.49	-1.35	16.9	-16.88	0.34	0.38	6.1	7.24	2.24	-3.48	-0.47	-0.0	-0.47	-0.0	1.47626	-2.71994
1BD2_ABC_DE	DD30N,YC5F	1.2737	-4.66	-4.23	-15.34	-1.35	17.71	-19.77	0.82	0.34	6.75	7.63	1.97	-3.37	-0.47	-0.0	-0.47	-0.0	2.49846	1.22476
1BD2_ABC_DE	YE104A,YC5F	2.8842	-3.93	-4.51	-14.16	-2.01	17.75	-18.32	1.45	0.33	6.54	6.55	1.84	-3.7	-0.3	-0.0	-0.57	-0.0	0.89441	-1.98979
1BD2_ABC_DE	YE104A,YC5A	5.0102	-3.93	-4.36	-12.2	-1.77	16.16	-15.54	0.3	0.34	5.86	5.88	2.05	-3.51	-0.28	-0.0	-0.6	-0.0	2.68563	-2.32457
1BJ1_HL_VW	HH101Y,SH105T	-1.7881	-8.09	-13.68	-21.89	-0.12	28.91	-26.26	3.13	0.46	1.54	9.64	5.27	-0.76	0.0	-0.0	0.03	0.59	-1.3434	0.4447
1BJ1_HL_VW	TH28D,NH31H	-1.6949	-8.13	-11.05	-21.79	0.42	28.66	-26.23	2.25	0.44	1.6	8.45	4.86	-1.11	-0.08	-0.0	-0.03	0.7	-0.6929	1.002
1BP3_A_B	KA168A,EA174A	0.7686	-1.1	-9.26	-19.08	-1.97	25.43	-24.43	1.05	1.14	2.88	8.54	4.44	-5.22	-0.03	0.0	-0.64	0.1	5.40523	4.63663
1BP3_A_B	RA64A,DA171A	2.4221	-1.96	-10.59	-18.7	-1.03	24.57	-24.15	2.04	0.73	2.99	10.23	4.55	-4.83	-0.03	0.0	-0.38	0.16	0.3784	-2.0437
1BP3_A_B	KA172A,FA176A	2.002	-1.91	-11.86	-19.23	-1.59	27.34	-24.14	1.1	1.07	3.07	10.3	4.5	-5.02	-0.03	0.0	-0.51	0.16	5.35217	3.35017
1BRS_A_D	KA27A,YD29A	3.8132	-4.61	-8.43	-13.91	-4.62	22.97	-15.38	0.69	0.21	4.6	7.09	4.14	-3.55	-0.63	0.0	-0.27	0.1	8.6203	4.8071
1BRS_A_D	KA27A,DD35A	3.2753	-4.1	-8.02	-14.42	-3.92	21.65	-16.29	1.53	0.23	4.37	6.78	2.91	-2.28	-0.68	0.0	-0.25	0.11	9.54441	6.26911
1BRS_A_D	KA27A,WD38F	1.3739	-5.05	-10.35	-15.37	-4.14	24.49	-17.1	1.6	0.25	4.82	7.67	4.16	-4.02	-0.63	0.0	-0.27	0.12	5.1106	3.7367
1BRS_A_D	KA27A,DD39A	6.8928	-4.22	-5.14	-14.28	-2.27	21.21	-16.53	1.66	0.24	4.55	6.83	3.87	-3.83	-0.53	0.0	-0.23	0.1	8.2739	1.3811
1BRS_A_D	KA27A,TD42A	2.3099	-5.02	-9.04	-15.33	-4.6	24.37	-17.05	1.63	0.26	4.8	7.2	4.12	-3.46	-0.63	0.0	-0.27	0.12	5.7211	3.4112
1BRS_A_D	KA27A,ED76A	3.8295	-5.02	-7.78	-14.98	-3.47	23.47	-16.82	1.52	0.23	4.84	6.19	4.09	-3.06	-0.64	0.0	-0.03	0.12	6.6927	2.8632
1BRS_A_D	KA27A,ED80A	2.59	-5.04	-9.04	-15.32	-4.64	24.47	-16.98	1.64	0.26	4.79	7.41	4.12	-3.58	-0.58	0.0	-0.26	0.12	5.5104	2.9204
1BRS_A_D	RA59A,YD29A	3.6724	-4.54	-8.74	-12.95	-3.64	22.67	-14.55	0.52	0.14	4.69	5.67	4.41	-4.54	-0.96	0.0	0.07	0.1	8.1185	4.4461
1BRS_A_D	RA59A,DD35A	3.1208	-3.94	-8.34	-13.47	-3.37	21.21	-15.51	1.4	0.17	4.4	5.35	2.8	-2.29	-0.96	0.0	-0.07	0.11	6.3313	3.2105
1BRS_A_D	RA59A,WD38F	2.9695	-4.99	-9.74	-14.49	-3.88	24.29	-16.37	1.57	0.19	5.02	5.79	4.1	-2.65	-1.02	0.0	0.06	0.12	6.2749	3.3054
1BRS_A_D	RA59A,TD42A	3.6181	-4.92	-7.74	-14.05	-2.83	22.3	-16.11	1.46	0.18	4.84	5.22	4.08	-3.34	-0.91	0.0	0.14	0.12	6.8174	3.1993
1BRS_A_D	RA59A,ED76A	1.8582	-4.97	-9.34	-14.39	-3.72	24.15	-16.19	1.45	0.19	4.89	5.94	4.01	-4.5	-0.96	0.0	0.05	0.12	4.9678	3.1096
1BRS_A_D	RA59A,ED80A	1.9185	-4.98	-9.34	-14.39	-3.68	24.14	-16.19	1.45	0.19	4.89	5.95	4.01	-4.51	-0.91	0.0	0.04	0.12	5.1989	3.2804
1BRS_A_D	RA83Q,YD29A	7.0171	-3.83	-8.43	-13.94	-3.12	23.43	-15.8	0.66	0.21	4.51	8.27	4.01	-3.87	-0.53	0.0	-0.16	0.1	8.2889	1.2718
1BRS_A_D	RA83Q,DD35A	5.3029	-3.27	-8.11	-14.33	-2.5	21.46	-16.75	1.53	0.22	4.31	8.18	2.63	-3.09	-0.69	0.0	-0.11	0.11	9.60084	4.29794
1BRS_A_D	RA83Q,WD38F	4.6488	-4.25	-10.55	-15.52	-3.25	25.94	-17.56	1.58	0.25	4.8	8.77	4.16	-4.2	-0.68	0.0	-0.16	0.12	6.755	2.1062
1BRS_A_D	RA83Q,DD39A	7.113	-4.24	-6.74	-14.91	-2.22	23.12	-17.32	1.69	0.24	4.85	8.04	4.01	-3.92	-0.54	0.0	-0.22	0.1	6.4359	-0.6771
1BRS_A_D	RA83Q,TD42A	5.8549	-4.21	-7.48	-15.06	-2.68	23.42	-17.38	1.63	0.25	4.62	7.78	4.04	-4.04	-0.49	0.0	-0.07	0.12	6.1045	0.2496
1BRS_A_D	RA83Q,ED76A	5.6725	-4.22	-8.09	-14.88	-2.33	24.0	-17.15	1.61	0.21	4.8	7.76	4.16	-4.99	-0.62	0.0	0.09	0.12	6.7177	1.0452
1BRS_A_D	RA83Q,ED80A	5.5538	-4.25	-9.07	-15.26	-3.16	24.73	-17.34	1.62	0.25	4.66	8.44	3.98	-3.92	-0.47	0.0	-0.15	0.12	5.7612	0.2074
1BRS_A_D	RA87A,YD29A	5.4116	-4.62	-9.43	-14.44	-3.29	24.32	-16.13	0.68	0.21	4.88	8.32	4.43	-3.88	-0.72	0.0	-0.14	0.08	8.0488	2.6372
1BRS_A_D	RA87A,WD38F	3.51	-5.04	-11.1	-16.04	-2.8	26.17	-18.01	1.53	0.23	5.22	8.97	4.43	-4.05	-0.78	0.0	-0.13	0.1	7.0375	3.5275
1BRS_A_D	RA87A,DD39A	6.264	-5.01	-7.2	-15.17	-2.33	23.22	-17.48	1.56	0.24	5.01	8.37	4.45	-3.59	-0.65	0.0	-0.27	0.08	7.1817	0.9177
1BRS_A_D	RA87A,TD42A	4.4784	-5.0	-8.33	-15.54	-2.67	24.27	-17.66	1.55	0.24	4.96	7.88	4.53	-4.15	-0.67	0.0	-0.09	0.1	7.0167	2.5383
1BRS_A_D	RA87A,ED76A	4.6634	-4.95	-8.57	-15.5	-2.0	24.68	-17.63	1.51	0.21	5.09	7.47	4.5	-4.56	-0.73	0.0	0.13	0.1	6.863	2.1996
1BRS_A_D	RA87A,ED80A	3.2237	-5.03	-9.87	-15.87	-3.28	25.87	-17.77	1.6	0.24	5.05	8.63	4.36	-5.02	-0.67	0.0	-0.09	0.1	6.1239	2.9002
1BRS_A_D	HA102A,YD29A	4.385	-3.88	-7.67	-13.7	-5.26	23.75	-15.24	0.75	0.21	4.68	7.85	4.12	-5.29	-0.76	0.0	-0.51	0.0	6.3037	1.9187
1BRS_A_D	HA102A,YD29F	2.4276	-4.24	-8.05	-15.34	-5.44	25.31	-17.25	0.9	0.34	4.98	8.04	4.7	-5.28	-0.76	0.0	-0.51	0.0	5.5469	3.1193
1BRS_A_D	HA102A,WD38F	3.7141	-3.9	-8.98	-15.17	-5.2	25.67	-16.95	1.72	0.26	5.0	8.39	3.94	-4.67	-0.83	0.0	-0.59	0.0	7.6383	3.9242
1BRS_A_D	HA102A,DD39A	8.0865	-3.85	-6.05	-14.2	-2.41	22.05	-16.43	1.69	0.26	4.84	7.69	4.02	-3.68	-0.68	0.0	-0.35	0.0	8.9868	0.9003
1BRS_A_D	HA102A,TD42A	7.0355	-4.29	-6.54	-14.74	-4.59	23.87	-16.64	1.72	0.25	4.89	7.45	4.73	-3.01	-0.73	0.0	-0.47	0.0	8.1315	1.096
1BRS_A_D	HA102A,ED76A	5.6697	-4.27	-6.83	-14.28	-3.79	23.54	-16.24	1.53	0.18	4.91	6.57	4.66	-4.46	-0.8	0.0	-0.17	0.0	7.5593	1.8896
1BRS_A_D	HA102A,ED80A	4.3153	-4.3	-8.11	-14.95	-5.21	25.12	-16.65	1.71	0.26	4.87	8.13	4.73	-5.28	-0.71	0.0	-0.47	0.0	6.7417	2.4264
1BRS_A_D	RA59A,DD39A	6.6701	-4.88	-6.22	-13.41	-0.56	20.38	-15.84	1.45	0.18	4.79	5.69	4.13	-3.66	-0.89	0.0	0.16	0.1	11.3556	4.6855
1BRS_A_D	EA73Q,DD39A	5.7698	-5.0	-7.4	-15.26	-2.6	23.39	-17.49	1.92	0.25	5.0	8.38	4.22	-3.57	-0.68	0.0	-0.53	0.11	7.2037	1.4339
1BRS_A_D	EA73Q,ED76A	1.7221	-5.01	-8.92	-15.39	-4.73	24.56	-17.41	1.85	0.2	4.94	7.3	4.1	-3.67	-0.73	0.0	-0.58	0.12	3.5252	1.8031
1BRS_A_D	EA73W,DD39A	5.3685	-4.98	-7.43	-15.24	-2.75	23.66	-17.4	1.7	0.25	5.03	8.31	4.22	-3.87	-0.68	0.0	-0.53	0.09	6.6619	1.2934
1BRS_A_D	EA73W,DD35A	1.8683	-4.03	-9.45	-15.21	-5.12	23.74	-17.15	1.53	0.24	4.63	8.07	2.86	-2.22	-0.77	0.0	-0.74	0.11	5.7096	3.8413
1BRS_A_D	EA73W,ED76A	1.9561	-4.97	-9.11	-15.48	-4.81	25.04	-17.45	1.55	0.2	5.14	7.22	4.13	-3.13	-0.77	0.0	-0.59	0.11	3.5479	1.5918
1BRS_A_D	EA73F,DD39A	5.4347	-4.98	-6.98	-15.15	-2.71	23.2	-17.39	1.61	0.25	4.96	8.32	4.21	-3.88	-0.66	0.0	-0.52	0.09	7.468	2.0333
1BRS_A_D	EA73F,DD35A	2.7836	-3.95	-9.46	-15.07	-5.22	23.28	-17.03	1.76	0.23	4.65	8.39	2.88	-1.73	-0.7	0.0	-0.74	0.11	6.407	3.6234
1BRS_A_D	EA73A,DD39A	5.3887	-4.99	-7.44	-15.28	-2.57	23.38	-17.54	1.71	0.25	5.03	8.58	4.23	-3.86	-0.68	0.0	-0.52	0.11	7.1817	1.793
1BRS_A_D	EA73A,DD35A	2.1001	-4.22	-9.96	-15.27	-5.41	24.17	-17.07	1.83	0.24	4.89	8.42	2.95	-1.99	-0.93	0.0	-0.77	0.12	6.437	4.3369
1BRS_A_D	HA102Q,RA59K	3.6488	-4.26	-8.43	-14.82	-4.02	24.51	-17.17	1.55	0.23	5.07	7.52	4.17	-4.58	-0.87	0.0	-0.2	0.0	6.9087	3.2599
1BRS_A_D	HA102Q,RA59A	4.7141	-4.28	-8.46	-13.94	-3.6	23.56	-15.72	1.44	0.29	4.69	6.47	4.02	-4.2	-0.96	0.0	0.06	0.0	9.30431	4.59021
1C1Y_A_B	RB59A,NB64D	2.6328	-4.59	-4.96	-10.63	-3.16	14.62	-13.14	0.18	0.09	1.11	4.46	5.53	-1.63	0.3	0.0	-1.25	0.0	2.75115	0.11835
1CHO_EFG_I	NI28S,GI32A	0.1502	-7.8	-1.39	-15.29	-2.28	18.67	-19.77	2.27	0.26	3.92	4.42	4.34	-1.33	-0.03	0.0	-0.41	0.37	-0.849	-0.9992
1CHO_EFG_I	AI15D,GI32A	1.1202	-7.84	-1.4	-15.38	-2.54	19.53	-19.62	2.27	0.7	3.91	4.63	4.24	-1.37	-0.03	0.0	-0.54	0.37	-0.8537	-1.9739
1CHO_EFG_I	AI15T,LI18M	0.2892	-7.91	-1.38	-16.08	-2.28	19.95	-20.16	1.09	1.15	4.18	5.48	3.93	-1.55	-0.03	0.0	-0.41	0.37	0.9106	0.6214
1CHO_EFG_I	LI18M,YI20Q	0.4565	-8.23	-2.67	-15.27	-2.3	19.38	-18.61	0.96	0.2	3.89	5.78	4.48	-1.38	-0.03	0.0	-0.37	0.41	3.4706	3.0141
1CHO_EFG_I	LI18M,GI32D	2.8505	-7.87	-1.39	-16.39	-2.45	21.42	-20.54	4.35	0.3	3.88	4.9	4.12	-1.72	-0.03	0.0	-0.33	0.37	3.3722	0.5217
1CHO_EFG_I	AI15D,LI18A	2.9707	-7.56	-1.39	-13.9	-2.55	18.75	-16.75	0.78	0.63	3.89	3.76	4.68	-1.4	-0.03	0.0	-0.54	0.37	4.7607	1.79
1CHO_EFG_I	TI17P,LI18K	0.7212	-9.4	-2.94	-15.29	-2.31	21.49	-18.61	0.88	0.16	4.24	5.51	4.63	-1.43	-0.03	0.0	-0.42	0.37	8.24958	7.52838
1CHO_EFG_I	AI15V,TI17S	1.8218	-7.91	-1.33	-15.54	-2.28	19.02	-19.8	3.49	0.35	3.93	4.84	4.2	-1.31	-0.03	0.0	-0.41	0.4	3.5598	1.738
1DAN_HL_UT	TT60A,FU140A	1.6314	-9.38	-20.89	-26.13	-3.11	33.84	-34.35	1.51	0.37	3.92	20.25	6.44	-8.03	-0.33	-0.0	-0.55	0.0	4.497	2.8656
1DAN_HL_UT	TT60A,KT20A	3.0484	-6.73	-18.51	-25.2	-2.77	30.42	-33.5	1.47	0.35	3.65	18.15	6.13	-7.83	-0.33	-0.0	-0.58	0.0	3.1761	0.1277
1DAN_HL_UT	DT44A,WT45A	3.7924	-7.91	-19.55	-25.31	-2.67	32.06	-33.68	1.51	0.32	2.71	19.04	6.71	-8.15	-0.33	-0.0	-0.24	0.0	1.5671	-2.2253
1DAN_HL_UT	DT44A,FU140A	3.7747	-7.97	-19.85	-25.38	-2.69	32.6	-33.31	1.47	0.33	3.11	19.15	6.8	-8.78	-0.33	-0.0	-0.24	0.0	3.2994	-0.4753
1DAN_HL_UT	DT44A,KT20A	5.0591	-5.86	-17.69	-24.8	-2.18	29.3	-33.18	1.47	0.36	2.87	17.76	6.33	-7.85	-0.33	-0.0	-0.26	0.0	4.1551	-0.904
1DAN_HL_UT	DT44A,DT58A	3.2786	-8.06	-19.63	-25.7	-2.34	31.76	-34.23	1.68	0.34	3.04	19.22	6.71	-7.75	-0.33	-0.0	-0.38	0.0	4.0113	0.7327
1DAN_HL_UT	DT44A,TT60A	2.1411	-8.52	-20.07	-26.12	-2.58	33.07	-34.57	1.51	0.37	3.08	19.15	6.72	-8.21	-0.33	-0.0	-0.25	0.0	4.3246	2.1835
1DAN_HL_UT	TU197A,VU198A	0.0	-8.74	-20.67	-26.4	-3.23	33.97	-34.7	1.48	0.34	3.76	19.3	6.61	-9.06	-0.33	-0.0	-0.55	0.0	-0.1489	-0.1489
1DAN_HL_UT	SU195A,RU196A	0.0055	-8.74	-20.67	-26.4	-3.22	33.97	-34.7	1.48	0.34	3.76	19.3	6.61	-9.06	-0.33	-0.0	-0.55	0.0	0.6383	0.6328
1DAN_HL_UT	NU107A,QU110A	1.2067	-8.78	-19.83	-25.68	-3.14	32.78	-34.06	1.48	0.34	3.68	18.34	6.7	-8.13	-0.33	-0.0	-0.45	0.0	0.4143	-0.7924
1DAN_HL_UT	KT68A,QT69A	-0.0012	-8.74	-20.67	-26.4	-3.23	33.97	-34.7	1.48	0.34	3.76	19.3	6.61	-9.06	-0.33	-0.0	-0.55	0.0	-0.206	-0.2048
1DAN_HL_UT	DT61A,ET62A	-0.0603	-8.59	-20.56	-26.31	-3.7	33.59	-34.67	1.49	0.38	3.8	19.74	6.55	-8.79	-0.33	-0.0	-0.85	0.0	0.3044	0.3647
1DAN_HL_UT	KT46A,KT48A	2.53	-8.57	-18.04	-25.66	-2.31	31.68	-34.01	1.46	0.37	3.73	17.94	6.83	-8.57	-0.33	-0.0	-0.25	0.0	1.1353	-1.3947
1DAN_HL_UT	KT41A,DT44A	2.2136	-7.91	-19.85	-26.0	-2.71	32.98	-34.29	1.48	0.34	3.01	18.8	6.77	-8.78	-0.33	-0.0	-0.26	0.0	1.57066	-0.64294
1DQJ_AB_C	NA32A,KC96A	1.2725	-5.44	-11.71	-16.33	-1.32	24.95	-17.14	3.2	0.41	4.26	6.99	3.63	-3.37	-0.03	0.0	-0.28	0.02	5.80151	4.52901
1DQJ_AB_C	SA91A,RC21A	1.2117	-5.74	-10.77	-15.63	-1.48	24.73	-16.76	3.33	0.39	4.0	5.32	3.2	-2.8	-0.03	0.0	-0.29	0.02	3.17054	1.95884
1DQJ_AB_C	SA91A,YC20A	0.6277	-5.49	-13.59	-16.4	-1.17	26.04	-17.03	3.29	0.41	4.02	7.45	3.4	-3.68	-0.03	0.0	-0.27	0.02	3.57288	2.94518
1DQJ_AB_C	YA96A,RC21A	1.1881	-5.73	-10.77	-15.46	-1.46	24.56	-16.58	3.32	0.39	3.96	5.33	3.21	-2.99	-0.03	0.0	-0.29	0.02	3.48499	2.29689
1DQJ_AB_C	YA96A,SC100A	-0.7006	-5.62	-13.64	-16.98	-1.07	26.6	-18.05	3.4	0.4	4.29	6.94	3.28	-3.38	-0.03	0.0	-0.27	0.02	0.9134	1.614
1DQJ_AB_C	DB32A,KC97A	1.1537	-5.68	-13.04	-16.08	0.02	24.96	-16.3	2.85	0.38	4.12	6.29	3.4	-3.27	-0.09	0.0	0.0	0.02	1.1223	-0.0314
1DQJ_AB_C	YB53A,WC62A	1.1532	-5.58	-13.78	-15.74	-0.22	26.33	-15.55	1.58	0.29	3.97	7.06	2.91	-3.57	-0.03	0.0	-0.27	0.02	1.2862	0.133
1DQJ_AB_C	YB53A,WC63A	1.6099	-5.67	-13.8	-16.16	-0.22	26.82	-16.04	1.64	0.32	4.24	7.52	3.35	-3.56	-0.03	0.0	-0.27	0.02	2.1991	0.5892
1DQJ_AB_C	YB53A,LC75A	2.831	-5.31	-13.84	-15.53	-0.29	26.27	-15.01	2.46	0.51	3.85	6.12	3.22	-3.15	-0.03	0.0	-0.31	0.02	1.2168	-1.6142
1DQJ_AB_C	YB53A,DC101A	3.7504	-4.27	-11.14	-15.4	0.22	24.44	-15.59	1.45	0.31	3.66	6.37	2.96	-3.09	-0.03	0.0	-0.18	0.02	2.72695	-1.02345
1DQJ_AB_C	WB98A,SC100A	1.8309	-5.6	-13.62	-16.25	-0.86	26.54	-16.58	3.34	0.42	4.12	6.96	3.29	-3.23	-0.03	0.0	-0.27	0.02	5.36193	3.53103
1DQJ_AB_C	WB98A,KC97A	2.7039	-5.6	-12.82	-15.37	0.02	24.62	-15.29	3.03	0.4	4.1	6.3	3.4	-3.63	-0.03	0.0	-0.02	0.02	6.6597	3.9558
1DQJ_AB_C	WB98A,YC20A	3.9063	-5.26	-13.01	-15.5	-0.97	25.89	-15.69	3.42	0.41	3.85	7.11	3.43	-3.32	-0.03	0.0	-0.27	0.02	5.1118	1.2055
1EMV_A_B	FB86A,LA33A	4.0247	-5.51	-11.2	-13.22	-3.12	20.49	-15.19	0.51	0.14	3.69	6.85	0.78	-2.98	-0.52	0.0	-1.09	-0.0	6.6766	2.6519
1EMV_A_B	FB86A,VA34A	4.6556	-5.46	-10.88	-12.88	-3.1	19.98	-14.78	0.52	0.11	3.63	6.73	0.71	-2.78	-0.52	0.0	-1.09	-0.0	4.6635	0.0079
1EMV_A_B	FB86A,VA37A	4.3139	-5.46	-10.86	-13.17	-3.04	20.1	-15.34	0.53	0.11	3.68	7.02	0.77	-2.82	-0.52	0.0	-1.09	-0.0	4.0663	-0.2476
1EMV_A_B	FB86A,YA54A	5.5687	-5.34	-10.81	-12.33	-3.12	19.42	-14.37	0.51	0.09	3.74	7.09	0.97	-3.02	-0.53	0.0	-1.09	-0.0	8.7191	3.1504
1EMV_A_B	FB86A,YA55A	6.7213	-4.82	-10.26	-11.91	-3.06	19.02	-13.91	0.53	0.09	3.68	6.82	0.68	-2.94	-0.52	0.0	-1.09	-0.0	8.259	1.5377
1FSS_A_B	TB8V,TB9I	-2.6809	-5.65	-8.0	-20.53	-3.49	26.33	-27.72	1.51	0.39	4.59	10.43	8.74	-4.66	-0.03	0.0	-1.32	0.02	0.4416	3.1225
1GUA_A_B	RB59A,EA37A	2.7776	-5.92	-8.01	-11.03	-2.97	15.09	-13.42	0.36	0.2	1.58	6.89	6.26	-1.23	0.39	0.0	-1.42	0.0	1.30016	-1.47744
1GUA_A_B	VB69A,EA37A	3.7033	-5.96	-8.01	-10.82	-3.12	15.11	-12.81	0.32	0.2	1.52	6.78	6.81	-1.22	0.39	0.0	-1.54	0.0	1.69982	-2.00348
1JTG_A_B	GA238S,DB49A	4.3875	-5.02	-10.16	-21.18	-2.32	28.01	-26.83	2.3	0.34	2.14	9.06	2.68	-4.24	0.01	0.0	-0.22	0.07	2.6339	-1.7536
1JTG_A_B	GA238S,FB142A	2.9324	-4.84	-14.12	-20.37	-4.2	30.22	-24.73	2.21	0.28	2.23	9.16	2.25	-4.28	-0.0	0.0	-0.6	0.07	3.67999	0.74759
1JTG_A_B	EA104K,DB49A	7.9535	-3.98	-8.73	-21.35	-0.31	27.21	-27.43	2.25	0.57	2.13	9.42	3.1	-4.67	0.01	0.0	-0.08	0.07	5.63759	-2.31591
1JTG_A_B	EA104K,FB142A	6.0504	-3.91	-12.72	-20.56	-2.45	29.93	-25.39	2.29	0.28	2.25	9.34	2.57	-4.84	0.0	0.0	-0.43	0.07	4.55242	-1.49798
1JTG_A_B	SA235A,DB49A	4.2388	-4.88	-10.12	-21.23	-2.33	28.11	-26.92	2.17	0.26	2.14	9.06	3.07	-4.7	0.01	0.0	-0.22	0.07	1.64024	-2.59856
1JTG_A_B	SA130A,DB49A	4.4471	-4.88	-10.11	-21.32	-2.33	28.23	-27.08	2.28	0.27	2.2	9.05	2.96	-4.37	0.01	0.0	-0.22	0.07	1.38389	-3.06321
1JTG_A_B	RA243A,DB49A	4.419	-4.85	-10.12	-21.16	-2.37	27.9	-26.83	2.18	0.26	2.13	9.08	2.95	-4.33	0.01	0.0	-0.24	0.07	1.1111	-3.3079
1JTG_A_B	KA234A,DB49A	5.4111	-4.89	-10.11	-21.35	-2.28	28.37	-26.97	2.24	0.26	2.18	9.66	3.09	-4.37	0.01	0.0	-0.2	0.07	1.5532	-3.8579
1JTG_A_B	SA235A,SA130A	2.7045	-4.89	-10.79	-22.12	-3.92	31.13	-27.68	2.32	0.28	2.3	9.57	2.7	-5.29	-0.01	0.0	-0.57	0.07	1.15211	-1.55239
1JTG_A_B	RA243A,SA235A	2.6555	-4.85	-11.95	-21.98	-2.91	30.64	-27.48	2.18	0.27	2.24	9.58	2.38	-4.83	-0.0	0.0	-0.34	0.07	0.7392	-1.9163
1JTG_A_B	RA243A,SA130A	2.4885	-4.85	-12.1	-21.97	-2.83	30.29	-27.58	2.36	0.27	2.26	9.63	2.48	-4.79	-0.01	0.0	-0.34	0.07	1.84872	-0.63978
1JTG_A_B	SA235A,KA234A	2.332	-4.89	-12.51	-22.15	-3.26	30.82	-27.54	2.23	0.28	2.29	10.26	2.61	-5.04	-0.02	0.0	-0.41	0.07	2.09263	-0.23937
1JTG_A_B	KA234A,SA130A	2.1896	-4.88	-12.73	-22.18	-3.27	30.76	-27.67	2.3	0.28	2.32	10.23	2.66	-4.83	-0.0	0.0	-0.41	0.07	1.97856	-0.21104
1JTG_A_B	RA243A,KA234A	2.7526	-4.85	-13.72	-22.03	-2.15	30.36	-27.44	2.2	0.26	2.25	10.45	2.49	-4.58	-0.01	0.0	-0.18	0.07	2.72866	-0.02394
1JTG_A_B	KB74A,FB142A	5.9704	-4.77	-13.27	-19.74	-2.84	28.91	-23.97	2.17	0.27	2.17	9.14	3.13	-4.64	-0.03	0.0	-0.35	0.07	4.84992	-1.12048
1JTG_A_B	KB74A,YB143A	4.4348	-4.77	-13.3	-21.07	-2.68	29.83	-25.87	2.18	0.27	2.21	9.86	3.15	-4.72	-0.03	0.0	-0.35	0.07	3.05709	-1.37771
1JTG_A_B	FB142A,YB143A	5.0081	-4.75	-13.91	-19.91	-3.54	29.94	-24.06	2.21	0.26	2.23	9.14	2.42	-4.15	-0.0	0.0	-0.6	0.07	2.84171	-2.16639
1JTG_A_B	KB74A,EA104A	3.9005	-3.89	-12.63	-20.67	-2.76	27.82	-25.73	2.29	0.27	2.15	8.93	2.94	-4.13	-0.03	0.0	-0.47	0.07	1.57604	-2.32446
1JTG_A_B	FB142A,EA104A	5.7175	-3.79	-12.73	-19.24	-2.65	27.44	-23.59	2.24	0.25	2.2	8.23	2.43	-4.3	-0.0	0.0	-0.53	0.07	2.74649	-2.97101
1JTG_A_B	YB143A,EA104A	4.1157	-3.91	-12.66	-20.79	-2.73	28.49	-25.8	2.34	0.27	2.18	8.91	2.38	-3.8	-0.0	0.0	-0.53	0.07	1.8636	-2.2521
1JTG_A_B	KB74A,YA105A	5.4675	-4.25	-12.7	-19.82	-3.27	28.3	-24.52	2.16	0.36	1.87	9.64	2.69	-4.69	-0.03	0.0	-0.35	0.07	3.32065	-2.14685
1JTG_A_B	FB142A,YA105A	5.9279	-4.1	-13.31	-18.43	-4.1	27.57	-22.49	2.11	0.26	1.88	8.94	2.3	-4.18	-0.0	0.0	-0.6	0.07	0.694	-5.2339
1JTG_A_B	YB143A,YA105A	4.7632	-4.19	-13.27	-19.59	-3.97	28.48	-24.1	2.22	0.26	1.9	9.61	2.27	-4.28	-0.0	0.0	-0.6	0.07	1.0749	-3.6883
1JTG_A_B	EA104A,YA105A	6.1417	-3.13	-11.94	-18.71	-2.93	26.03	-23.27	2.09	0.25	1.86	8.2	2.32	-4.19	-0.0	0.0	-0.53	0.06	1.0265	-5.1152
1JTG_A_B	DB49A,RA243A	4.4403	-4.85	-10.12	-21.19	-2.38	27.91	-26.88	2.25	0.26	2.14	9.09	2.95	-4.31	0.01	0.0	-0.25	0.07	1.0987	-3.3416
1JTG_A_B	KB74A,RA243A	4.5623	-4.72	-12.78	-21.49	-1.9	29.94	-26.64	2.22	0.26	2.19	9.9	2.96	-4.99	-0.04	0.0	-0.11	0.07	6.61692	2.05462
1JTG_A_B	FB142A,RA243A	4.624	-4.79	-13.56	-20.2	-2.97	29.55	-24.7	2.23	0.26	2.22	9.25	2.35	-4.34	-0.03	0.0	-0.37	0.07	3.39343	-1.23057
1JTG_A_B	YB143A,RA243A	3.574	-4.84	-13.42	-21.57	-2.7	30.88	-26.64	2.25	0.25	2.24	9.88	2.39	-4.46	-0.01	0.0	-0.37	0.07	2.26869	-1.30531
1JTG_A_B	DB49A,KA234A	5.3501	-4.89	-10.11	-21.34	-2.29	28.37	-26.95	2.15	0.27	2.18	9.66	3.09	-4.37	0.01	0.0	-0.21	0.07	1.59983	-3.75027
1JTG_A_B	KB74A,KA234A	5.5945	-4.75	-11.58	-21.58	-1.91	29.84	-26.72	2.12	0.27	2.23	10.21	3.06	-5.13	-0.03	0.0	-0.16	0.07	6.54478	0.95028
1JTG_A_B	FB142A,KA234A	6.0154	-4.81	-12.39	-20.3	-2.83	29.44	-24.79	2.14	0.26	2.25	9.63	2.5	-4.41	-0.0	0.0	-0.38	0.07	3.39343	-2.62197
1JTG_A_B	YB143A,KA234A	4.7157	-4.86	-12.25	-21.71	-2.62	30.83	-26.76	2.17	0.26	2.29	10.26	2.48	-4.64	-0.0	0.0	-0.41	0.07	2.55536	-2.16034
1JTG_A_B	DB49A,SA130A	4.3785	-4.9	-10.11	-21.32	-2.31	28.22	-27.09	2.25	0.26	2.2	9.05	2.95	-4.36	0.01	0.0	-0.21	0.06	0.3579	-4.0206
1JTG_A_B	KB74A,SA130A	4.0575	-4.72	-11.82	-21.59	-2.57	29.85	-26.85	2.31	0.27	2.27	9.51	3.26	-5.21	-0.03	0.0	-0.32	0.07	3.17702	-0.88048
1JTG_A_B	FB142A,SA130A	3.9074	-4.78	-12.69	-20.32	-3.62	29.5	-24.93	2.34	0.27	2.26	8.88	2.68	-4.77	-0.01	0.0	-0.57	0.07	2.84171	-1.06569
1JTG_A_B	YB143A,SA130A	3.2277	-4.83	-12.49	-21.72	-3.37	30.92	-26.89	2.39	0.26	2.3	9.53	2.67	-4.61	-0.01	0.0	-0.57	0.07	1.79105	-1.43665
1JTG_A_B	QA99A,HB148A	0.7082	-4.95	-14.18	-21.15	-4.55	30.21	-26.13	2.23	0.27	1.95	9.37	2.71	-4.43	-0.0	0.0	-0.6	0.03	3.1998	2.4916
1JTG_A_B	QA99A,WB150A	1.6339	-4.95	-14.18	-20.78	-4.55	30.24	-25.48	2.22	0.27	1.7	9.01	2.73	-4.25	-0.0	0.0	-0.6	0.07	3.82173	2.18783
1JTG_A_B	QA99A,RB160A	1.4347	-4.19	-13.46	-20.95	-3.84	29.76	-26.32	2.22	0.25	1.95	7.78	2.25	-3.82	-0.03	0.0	-0.18	0.07	3.74905	2.31435
1JTG_A_B	NA100A,HB148A	-0.1673	-4.95	-14.18	-21.48	-4.51	30.32	-26.72	2.23	0.25	1.92	9.87	2.31	-4.63	-0.0	0.0	-0.6	0.03	2.10192	2.26922
1JTG_A_B	NA100A,WB150A	1.1202	-4.97	-14.2	-20.8	-4.44	29.97	-25.73	2.2	0.25	1.62	9.43	2.3	-4.27	-0.01	0.0	-0.57	0.07	4.34727	3.22707
1JTG_A_B	EA168A,WB162A	1.132	-4.17	-14.77	-20.94	-4.3	30.03	-25.87	2.02	0.28	2.16	9.29	2.16	-4.09	-0.02	0.0	-0.45	0.07	2.07641	0.94441
1JTG_A_B	VA103A,WB162A	1.2615	-4.94	-14.23	-21.04	-4.54	30.34	-25.87	2.02	0.28	2.24	9.65	2.45	-4.21	-0.0	0.0	-0.62	0.07	4.22727	2.96577
1JTG_A_B	MA129A,YB53A	3.7155	-4.88	-14.18	-20.57	-4.49	30.6	-25.05	2.12	0.23	2.25	10.45	2.35	-4.22	-0.0	0.0	-0.6	0.07	3.60745	-0.10805
1JTG_A_B	MA129A,YB50A	3.9911	-4.95	-14.17	-20.76	-4.61	31.36	-25.0	2.79	0.28	2.35	9.64	2.24	-4.07	-0.1	0.0	-0.62	0.07	0.3579	-3.6332
1JTG_A_B	MA129A,FB36A	3.0611	-4.89	-14.15	-20.53	-4.6	30.8	-24.75	1.99	0.21	2.0	9.54	2.39	-4.17	-0.1	0.0	-0.64	0.07	3.62948	0.56838
1JTG_A_B	PA107A,HB41A	1.7514	-4.89	-14.15	-21.9	-4.54	31.84	-26.7	2.12	0.3	2.99	10.14	2.52	-4.34	-0.0	0.0	-0.6	0.05	2.6516	0.9002
1JTG_A_B	PA107A,YB50A	2.9859	-4.89	-14.27	-21.31	-4.7	32.19	-25.46	2.03	0.28	2.88	9.94	2.63	-4.73	-0.01	0.0	-0.65	0.06	-0.6468	-3.6327
1JTG_A_B	PA107A,YB53A	2.494	-4.86	-14.19	-21.5	-4.5	31.21	-26.31	2.06	0.27	2.54	10.84	2.52	-4.43	0.02	0.0	-0.6	0.08	2.38777	-0.10623
1JTG_A_B	VA216A,YB50A	3.9575	-4.88	-14.3	-20.73	-3.93	30.75	-24.91	2.01	0.27	2.21	9.43	3.19	-4.34	0.02	0.0	-0.57	0.07	-0.8851	-4.8426
1JTG_A_B	EA110A,SB113A	1.259	-4.89	-10.96	-21.49	-4.85	29.74	-26.81	2.23	0.29	2.26	8.39	2.53	-4.11	-0.02	0.0	-0.75	0.06	4.56328	3.30428
1JTG_A_B	EA110A,SB71A	1.0713	-4.89	-10.96	-21.46	-4.85	29.67	-26.79	2.21	0.29	2.23	8.4	2.62	-4.34	-0.02	0.0	-0.75	0.07	5.01681	3.94551
1JTG_A_B	SB71A,SB113A	1.8474	-4.91	-10.96	-22.05	-4.58	31.06	-27.52	2.21	0.29	2.27	9.23	2.49	-4.73	-0.02	0.0	-0.61	0.07	0.4558	-1.3916
1JTG_A_B	EA104A,SB113A	3.8841	-4.01	-11.54	-21.02	-2.72	28.45	-26.26	2.41	0.27	2.21	8.65	2.39	-4.14	-0.0	0.0	-0.53	0.07	1.8636	-2.0205
1JTG_A_B	QA99A,WB112A	2.4849	-4.92	-14.18	-20.59	-4.62	30.26	-25.06	2.1	0.28	2.08	9.1	2.89	-4.1	-0.0	0.0	-0.6	0.07	3.53594	1.05104
1JTG_A_B	QA99A,WB162A	1.1456	-4.17	-15.22	-20.41	-4.27	29.49	-25.24	2.01	0.27	2.02	8.76	2.29	-3.81	-0.0	0.0	-0.49	0.07	2.88981	1.74421
1JTG_A_B	QA99A,KB74A	3.3887	-4.71	-13.29	-21.18	-3.17	30.01	-26.13	2.21	0.26	2.08	9.0	3.44	-4.62	-0.03	0.0	-0.35	0.07	4.10757	0.71887
1JTG_A_B	QA99A,FB142A	3.2514	-4.85	-14.12	-19.92	-4.2	29.67	-24.21	2.21	0.27	2.1	8.39	2.73	-4.07	-0.0	0.0	-0.6	0.07	2.8177	-0.4337
1JTG_A_B	QA99A,DB49A	4.8908	-4.9	-10.11	-20.73	-2.3	27.47	-26.32	2.32	0.25	2.0	8.31	3.25	-4.1	0.01	0.0	-0.21	0.07	2.19726	-2.69354
1JTG_A_B	NA100A,WB112A	2.0765	-4.93	-14.16	-20.68	-4.5	30.04	-25.36	2.08	0.26	2.03	9.7	2.44	-4.19	-0.01	0.0	-0.56	0.07	2.7938	0.7173
1JTG_A_B	NA100A,WB162A	0.7199	-4.95	-14.23	-20.95	-4.46	30.02	-25.9	2.07	0.26	2.07	9.41	2.34	-4.28	-0.0	0.0	-0.56	0.07	2.10192	1.38202
1JTG_A_B	NA100A,KB74A	2.7235	-4.78	-13.31	-21.45	-3.14	30.16	-26.53	2.19	0.25	2.05	9.61	2.92	-4.76	-0.03	0.0	-0.35	0.07	3.51005	0.78655
1JTG_A_B	NA100A,FB142A	2.7882	-4.84	-14.12	-20.18	-4.17	29.81	-24.62	2.22	0.25	2.06	8.96	2.33	-4.2	-0.0	0.0	-0.6	0.07	2.29244	-0.49576
1JTG_A_B	NA100A,DB49A	4.2954	-4.9	-10.11	-21.09	-2.29	27.87	-26.79	2.26	0.24	2.0	8.84	2.94	-4.41	0.01	0.0	-0.22	0.07	1.57604	-2.71936
1JTG_A_B	VA103A,RB160A	1.6789	-4.16	-13.44	-21.08	-3.93	30.07	-26.27	2.1	0.26	2.06	8.34	2.0	-3.93	-0.03	0.0	-0.21	0.07	4.34727	2.66837
1JTG_A_B	VA103A,FB142A	3.6555	-4.83	-14.12	-20.14	-4.19	30.08	-24.37	2.2	0.27	2.22	9.17	2.43	-4.2	-0.0	0.0	-0.6	0.07	4.51439	0.85889
1JTG_A_B	EA168A,WB112A	2.2655	-4.14	-16.06	-20.75	-4.31	30.3	-25.33	2.12	0.26	2.11	10.25	2.37	-3.98	0.01	0.0	-0.42	0.07	2.7938	0.5283
1JTG_A_B	EA168A,WB150A	1.4441	-4.86	-14.08	-20.73	-4.43	29.8	-25.67	2.21	0.25	1.68	8.99	2.45	-3.93	-0.01	0.0	-0.5	0.07	4.10757	2.66347
1JTG_A_B	EA168A,RB160A	1.1325	-4.17	-13.46	-21.36	-4.0	30.33	-26.73	2.25	0.26	2.1	8.42	2.14	-4.22	-0.03	0.0	-0.26	0.06	2.31775	1.18525
1JTG_A_B	EA168A,KB74A	3.1767	-4.0	-15.07	-20.98	-2.77	29.52	-26.04	2.16	0.26	2.05	9.94	2.63	-4.26	-0.04	0.0	-0.12	0.07	4.05987	0.88317
1JTG_A_B	EA168A,FB142A	2.9498	-4.07	-15.06	-20.3	-3.91	29.63	-25.03	2.29	0.28	2.12	9.3	2.1	-3.8	-0.0	0.0	-0.43	0.07	2.57973	-0.37007
1JTG_A_B	EA168A,DB49A	5.0097	-4.12	-10.8	-20.91	-2.07	27.66	-26.55	2.23	0.27	2.08	8.82	2.89	-4.31	0.01	0.0	-0.06	0.07	1.50423	-3.50547
1JTG_A_B	EA110A,YB50A	3.5408	-4.89	-10.97	-20.61	-5.05	30.01	-25.08	1.98	0.27	2.2	8.54	2.66	-4.43	-0.03	0.0	-0.8	0.06	3.96509	0.42429
1JTG_A_B	VA216A,FB142A	3.5884	-4.77	-14.23	-19.89	-3.55	29.41	-23.92	2.12	0.26	2.19	8.65	2.5	-4.37	-0.0	0.0	-0.57	0.07	2.19726	-1.39114
1JTG_A_B	EA110G,EA168G	1.5787	-4.05	-11.94	-21.16	-4.59	29.07	-26.77	2.21	0.29	2.15	8.56	2.16	-3.55	-0.02	0.0	-0.58	0.07	-0.6096	-2.1883
1JTG_A_B	EA110V,EA168G	0.8933	-4.15	-11.92	-21.43	-4.51	29.34	-27.05	2.17	0.28	2.16	8.3	2.16	-3.67	-0.02	0.0	-0.56	0.07	-0.7418	-1.6351
1JTG_A_B	EB73M,KB74A	3.1149	-3.1	-11.78	-21.91	-4.12	29.02	-27.68	2.15	0.28	2.16	10.47	3.12	-4.59	0.08	0.0	-0.78	0.07	4.30677	1.19187
1JTG_A_B	EB73M,FB142A	4.4078	-3.17	-12.56	-20.15	-5.04	28.81	-24.94	2.17	0.27	2.18	9.49	2.49	-3.98	0.1	0.0	-1.02	0.07	2.53994	-1.86786
1JTG_A_B	EA104A,EB73M	3.7714	-2.36	-11.33	-21.18	-3.04	26.88	-26.95	2.43	0.28	2.2	9.6	2.52	-4.33	0.1	0.0	-0.78	0.07	1.84159	-1.92981
1JTG_A_B	EB73A,YB50A	4.6251	-3.31	-12.62	-20.33	-5.29	29.43	-24.81	1.82	0.26	2.08	9.72	3.21	-4.53	0.12	0.0	-1.02	0.08	-1.4956	-6.1207
1KNE_A_P	AA25F,TP6K	-1.25761	-7.7	-6.37	-10.91	-0.8	17.27	-13.53	1.52	0.32	1.79	6.27	6.74	-0.65	0.24	0.0	-0.5	0.0	-0.0359	1.22171
1KNE_A_P	AA25F,TP6I	-1.14315	-8.58	-7.16	-11.67	-0.94	19.15	-14.44	1.61	0.34	1.96	7.42	7.35	-0.77	0.21	0.0	-0.49	0.0	0.58945	1.7326
1KNE_A_P	AA25F,TP6F	-2.03719	-8.65	-7.16	-12.05	-0.8	19.19	-14.88	1.63	0.34	1.84	7.4	7.25	-0.85	0.21	0.0	-0.49	0.0	0.80322	2.84041
1KNE_A_P	AA25F,TP6L	-1.73836	-8.62	-7.16	-11.84	-0.91	18.96	-14.8	1.56	0.33	1.89	7.51	7.49	-0.82	0.21	0.0	-0.48	0.0	0.39277	2.13113
1KNE_A_P	AA25K,TP6K	-0.772	-7.61	-6.37	-10.42	-1.02	16.95	-12.79	1.58	0.34	1.8	6.06	6.73	-0.77	0.25	0.0	-0.53	0.0	1.59892	2.37092
1KNE_A_P	AA25K,TP6I	-1.01885	-8.56	-7.16	-11.4	-0.89	18.75	-14.12	1.57	0.37	1.92	7.26	7.31	-0.72	0.21	0.0	-0.45	0.0	1.39733	2.41618
1KNE_A_P	AA25K,TP6F	-1.18651	-8.62	-7.16	-11.76	-0.76	19.0	-14.45	1.53	0.33	1.88	7.36	7.5	-0.76	0.21	0.0	-0.44	0.0	1.46854	2.65505
1KNE_A_P	AA25K,TP6L	-1.38412	-8.56	-7.16	-11.55	-0.9	18.71	-14.42	1.52	0.33	1.86	7.4	7.44	-0.77	0.21	0.0	-0.46	0.0	1.83353	3.21765
1KNE_A_P	AA25L,TP6K	-1.53238	-8.61	-7.16	-11.49	-0.99	18.55	-14.37	1.63	0.32	1.85	7.49	7.18	-0.64	0.24	0.0	-0.52	0.0	-0.15885	1.37353
1KNE_A_P	AA25L,TP6I	-1.14172	-8.59	-7.16	-11.45	-0.93	18.9	-14.17	1.57	0.34	1.94	7.23	7.31	-0.76	0.21	0.0	-0.48	0.0	0.06586	1.20758
1KNE_A_P	AA25L,TP6F	-0.84686	-8.65	-7.16	-11.83	-0.89	18.9	-14.71	2.45	0.37	1.86	7.47	7.3	-0.65	0.21	0.0	-0.48	0.0	0.2516	1.09846
1KNE_A_P	AA25L,TP6L	-1.23013	-8.58	-7.16	-11.4	-0.95	18.7	-14.19	1.63	0.36	1.9	7.29	7.27	-0.76	0.21	0.0	-0.48	0.0	0.2516	1.48173
1KNE_A_P	AA25T,TP6K	-1.21829	-8.57	-7.09	-11.18	-1.05	18.85	-13.5	1.6	0.33	1.81	6.31	7.33	-0.75	0.26	0.0	-0.59	0.0	-0.31421	0.90408
1KNE_A_P	AA25T,TP6I	-0.42466	-8.57	-7.16	-11.35	-0.97	19.2	-13.84	1.55	0.37	1.95	7.22	7.28	-0.71	0.21	0.0	-0.49	0.0	0.60218	1.02684
1KNE_A_P	AA25T,TP6F	-0.88696	-8.59	-8.38	-11.73	-0.85	19.48	-14.19	2.89	0.33	1.88	7.0	7.35	-0.76	0.21	0.0	-0.48	0.0	0.785	1.67196
1KNE_A_P	AA25T,TP6L	-0.7237	-8.56	-7.16	-11.49	-0.96	19.23	-14.11	1.53	0.32	1.93	7.17	7.52	-0.76	0.21	0.0	-0.49	0.0	0.56312	1.28682
1KNE_A_P	DA62F,TP6K	-1.02462	-7.69	-6.37	-10.71	-0.7	16.83	-13.29	1.59	0.31	1.8	5.95	6.74	-0.44	0.26	0.0	-0.32	0.0	-0.20625	0.81837
1KNE_A_P	DA62F,TP6I	-1.56977	-7.81	-6.37	-11.11	-0.75	17.39	-13.9	1.6	0.33	1.9	6.03	6.75	-0.46	0.21	0.0	-0.31	0.0	0.2042	1.77397
1KNE_A_P	DA62F,TP6F	-1.17697	-7.8	-6.37	-10.97	-0.7	17.51	-13.44	1.52	0.31	1.89	5.75	6.79	-0.5	0.21	0.0	-0.32	0.0	-0.15885	1.01812
1KNE_A_P	DA62F,TP6L	-1.31224	-7.82	-6.37	-11.05	-0.72	17.59	-13.72	1.51	0.31	1.95	5.83	6.9	-0.48	0.21	0.0	-0.32	0.0	0.29548	1.60772
1KNE_A_P	DA62I,TP6K	-0.93322	-7.66	-6.37	-10.85	-0.74	17.28	-13.57	1.66	0.38	1.91	5.74	6.85	-0.44	0.25	0.0	-0.3	0.0	0.58945	1.52267
1KNE_A_P	DA62I,TP6I	-1.09976	-8.64	-7.16	-11.64	-0.8	18.97	-14.54	1.63	0.37	2.02	7.1	7.45	-0.53	0.21	0.0	-0.34	0.0	0.61465	1.71441
1KNE_A_P	DA62I,TP6F	-1.1011	-8.63	-7.16	-11.72	-0.74	19.05	-14.39	1.59	0.35	1.98	6.94	7.47	-0.57	0.21	0.0	-0.34	0.0	1.09484	2.19594
1KNE_A_P	DA62I,TP6L	-1.00705	-7.75	-6.37	-10.93	-0.79	17.6	-13.65	1.59	0.34	1.96	5.76	6.96	-0.48	0.21	0.0	-0.31	0.0	0.57643	1.58348
1KNE_A_P	DA62K,TP6K	-0.30326	-7.64	-6.37	-10.49	-0.65	17.12	-12.85	1.55	0.33	1.78	5.54	6.78	-0.5	0.24	0.0	-0.19	0.0	0.33633	0.63959
1KNE_A_P	DA62K,TP6I	-0.60097	-8.55	-7.16	-11.45	-0.75	18.88	-14.14	1.64	0.35	1.89	6.96	7.4	-0.55	0.21	0.0	-0.28	0.0	0.0	0.60097
1KNE_A_P	DA62K,TP6F	-0.81381	-8.57	-7.16	-11.53	-0.68	18.91	-14.06	1.55	0.33	1.85	6.83	7.48	-0.68	0.21	0.0	-0.27	0.0	-0.0359	0.77791
1KNE_A_P	DA62K,TP6L	-0.62971	-7.69	-6.37	-10.66	-0.73	17.31	-13.19	1.55	0.33	1.82	5.61	6.94	-0.5	0.21	0.0	-0.26	0.0	-0.31421	0.3155
1KNE_A_P	DA62T,TP6K	0.00125	-8.56	-7.16	-11.09	-0.76	18.68	-13.35	1.56	0.34	1.82	6.69	7.56	-0.69	0.24	0.0	-0.3	0.0	0.72671	0.72546
1KNE_A_P	DA62T,TP6I	0.17384	-8.54	-7.16	-11.21	-0.8	19.04	-13.5	1.59	0.36	1.92	6.86	7.59	-0.74	0.21	0.0	-0.34	0.0	0.88676	0.71292
1KNE_A_P	DA62T,TP6F	-0.36738	-8.58	-7.16	-11.39	-0.75	18.95	-13.71	1.56	0.34	1.85	6.78	7.61	-0.72	0.21	0.0	-0.34	0.0	1.23999	1.60737
1KNE_A_P	DA62T,TP6L	-0.35596	-7.68	-6.37	-10.59	-0.79	17.6	-12.91	1.54	0.33	1.86	5.31	7.15	-0.66	0.21	0.0	-0.31	0.0	0.2516	0.60756
1KNE_A_P	KA46A,AA25K	0.0126	-8.52	-7.16	-10.75	-0.94	18.56	-12.74	1.46	0.35	1.79	6.72	7.27	-0.77	0.21	0.0	-0.5	0.0	-0.25778	-0.27038
1LFD_A_B	NA29A,QB225A	1.738	-7.08	-6.0	-11.38	-3.57	17.96	-14.29	0.4	0.08	1.32	8.12	3.67	-2.42	0.1	0.0	-1.18	0.0	0.30163	-1.43637
1LFD_A_B	KA32A,QB225A	2.6934	-6.08	-6.66	-11.08	-3.0	16.93	-13.78	0.39	0.08	1.47	6.98	3.34	-1.0	0.07	0.0	-0.84	-0.0	2.50001	-0.19339
1LFD_A_B	DA51A,DB233A	0.6197	-5.67	-4.62	-11.48	-3.53	16.72	-14.34	0.32	0.07	1.14	4.78	3.21	-1.41	0.14	0.0	-0.91	0.0	0.20022	-0.41948
1LFD_A_B	HA53A,DB233A	-0.2833	-6.45	-8.06	-12.1	-3.13	18.19	-14.91	0.44	0.08	1.51	7.81	3.71	-2.12	-0.3	0.0	-0.79	0.0	2.20045	2.48375
1LFD_A_B	NA29A,SB239A	0.2483	-7.44	-7.4	-12.08	-3.28	18.37	-15.3	0.62	0.08	1.36	8.18	4.46	-2.24	0.1	0.0	-1.15	0.0	0.0	-0.2483
1LFD_A_B	YA31F,SB239A	0.8374	-6.95	-6.53	-12.08	-2.68	17.91	-15.36	1.18	0.07	1.51	7.16	4.05	-2.31	0.09	0.0	-1.05	0.0	0.80041	-0.03699
1LFD_A_B	KA48A,SB239A	-0.2042	-6.95	-8.29	-12.45	-2.89	18.91	-15.54	0.64	0.08	1.51	7.74	4.12	-1.97	0.09	0.0	-1.04	0.0	-0.09962	0.10458
1LFD_A_B	HA53A,SB239A	0.992	-7.24	-7.66	-12.57	-2.53	19.39	-15.66	0.58	0.08	1.59	8.18	3.97	-1.97	0.02	0.0	-0.94	0.0	0.50088	-0.49112
1LFD_A_B	NA29A,YB240F	1.1569	-7.66	-6.85	-11.81	-3.15	18.22	-14.69	0.49	0.1	1.32	8.14	4.14	-2.08	0.09	0.0	-1.13	0.0	2.30001	1.14311
1LFD_A_B	YA31F,YB240F	0.9186	-7.19	-6.11	-12.38	-2.9	18.81	-15.41	0.61	0.17	1.59	7.58	3.73	-2.34	0.09	0.0	-1.09	0.0	2.60038	1.68178
1LFD_A_B	SA33A,YB240F	-0.1674	-6.63	-7.36	-12.2	-3.31	18.57	-15.46	0.61	0.08	1.51	7.62	3.68	-2.06	0.1	0.0	-1.17	0.0	1.79828	1.96568
1LFD_A_B	YA31F,RB241A	1.8933	-6.9	-6.51	-11.7	-2.44	17.82	-14.65	0.71	0.13	1.52	7.22	4.0	-2.21	0.09	0.0	-1.0	0.0	1.79828	-0.09502
1LFD_A_B	HA53A,VB229A	0.4644	-7.27	-8.4	-12.54	-2.92	19.32	-15.3	1.1	0.08	1.59	8.89	3.71	-2.63	0.03	0.0	-0.96	0.0	1.99592	1.53152
1LFD_A_B	RA20A,EB237A	1.628	-6.82	-6.5	-11.94	-2.36	17.84	-14.85	0.31	0.05	1.46	7.43	3.91	-1.95	0.07	0.0	-0.91	0.0	2.09683	0.46883
1LFD_A_B	NA27A,EB237A	1.9173	-6.81	-6.5	-11.95	-2.45	17.98	-14.88	0.37	0.07	1.4	7.23	4.4	-2.07	0.09	0.0	-0.91	0.0	1.99592	0.07862
1LFD_A_B	YA31F,EB237A	1.6108	-6.84	-6.51	-11.97	-2.45	17.91	-14.93	0.7	0.13	1.5	7.08	3.91	-1.94	0.09	0.0	-0.91	0.0	1.29664	-0.31416
1LFD_A_B	YA31A,EB237A	1.8268	-6.67	-6.49	-11.29	-2.39	17.36	-13.95	0.23	0.04	1.42	6.89	3.92	-2.35	0.09	0.0	-0.91	0.0	3.59599	1.76919
1LFD_A_B	SA33A,EB237A	1.6733	-6.38	-6.01	-11.97	-2.45	17.77	-15.2	0.47	0.05	1.46	6.9	3.92	-1.95	0.09	0.0	-0.91	0.0	2.29607	0.62277
1LFD_A_B	YA31A,DB238A	3.1302	-6.83	-5.6	-10.9	-1.61	15.99	-13.72	0.17	0.04	1.47	7.52	3.71	-2.29	-0.02	0.0	-0.68	0.0	4.89521	1.76501
1LFD_A_B	SA33A,DB238A	0.3318	-6.5	-7.09	-11.9	-2.0	16.66	-15.3	0.31	0.07	1.54	7.63	3.72	-1.91	-0.02	0.0	-0.69	0.0	3.29599	2.96419
1LFD_A_B	KA52A,DB238A	1.9471	-6.23	-6.12	-11.33	-1.2	15.07	-14.36	0.31	0.07	1.48	6.68	3.72	-1.48	-0.05	0.0	-0.46	0.0	6.09543	4.14833
1LFD_A_B	YA31A,SB239A	1.8124	-6.71	-6.5	-11.37	-2.51	17.51	-14.14	0.27	0.05	1.45	7.0	4.02	-2.19	0.09	0.0	-1.05	0.0	4.09503	2.28263
1LFD_A_B	KA48A,EB263A	-0.0227	-6.97	-8.29	-12.51	-2.93	19.19	-15.3	0.43	0.08	1.51	8.05	3.84	-2.0	0.09	0.0	-1.04	0.0	0.29711	0.31981
1MAH_A_F	YA72N,YA124Q	3.6964	-6.98	-9.32	-18.25	-1.55	23.07	-23.85	0.7	0.62	4.5	8.42	7.87	-2.89	-0.27	0.0	-0.77	0.06	6.644	2.9476
1MAH_A_F	YA124Q,WA286R	1.4473	-7.9	-10.03	-19.76	-1.26	25.31	-25.37	1.04	0.68	4.78	8.37	7.67	-3.33	-0.27	0.0	-0.59	0.06	9.70623	8.25893
1MAH_A_F	YA72N,WA286R	3.3709	-7.6	-9.64	-18.24	-1.34	23.69	-23.46	0.66	0.63	4.27	7.98	8.13	-3.46	-0.27	0.0	-0.6	0.06	11.629	8.2581
1MHP_HL_A	LH60D,KH64Q	-0.317	-2.83	-10.69	-16.52	-1.29	26.58	-17.08	1.84	0.97	4.1	5.78	3.45	-3.0	0.16	-0.0	-0.46	0.51	0.043	0.36
1MHP_HL_A	LH60D,KH64E	-0.2991	-2.83	-10.69	-16.52	-1.35	26.58	-17.08	1.84	0.97	4.1	5.79	3.55	-3.0	0.16	-0.0	-0.49	0.51	-0.1418	0.1573
1MHP_HL_A	TH50V,SH35A	0.2616	-2.83	-10.64	-16.52	-1.22	26.63	-17.05	2.2	0.97	4.1	5.67	3.53	-3.04	0.16	-0.0	-0.4	0.51	2.07571	1.81411
1MHP_HL_A	TH50V,SL28Q	0.6439	-2.82	-10.23	-16.56	-1.22	26.68	-17.1	2.02	0.95	4.1	5.76	3.54	-2.91	0.16	-0.0	-0.4	0.5	-0.6947	-1.3386
1MHP_HL_A	KH64E,SL28Q	-0.1101	-2.83	-10.69	-16.52	-1.28	26.58	-17.08	1.84	0.97	4.1	5.8	3.62	-3.0	0.16	-0.0	-0.46	0.51	-0.8568	-0.7467
1MLC_AB_E	NA32G,NA92A	-0.3699	-1.61	-5.42	-12.83	-4.57	18.29	-13.65	1.83	0.5	2.2	3.93	3.98	-2.09	0.0	0.0	-0.57	0.0	-0.6866	-0.3167
1MLC_AB_E	SB57V,TB58D	-1.83	-1.32	-5.08	-14.52	-4.87	20.13	-16.15	1.95	0.63	2.67	4.06	4.4	-2.19	0.0	0.0	-0.73	0.0	-0.9877	0.8423
1PPF_E_I	AI15R,LI18R	8.19033	-8.52	-2.89	-16.33	-0.92	22.19	-20.04	6.68	1.05	4.39	5.85	4.72	-1.49	-0.03	0.0	-0.02	0.06	7.22581	-0.96452
1PPF_E_I	AI15D,GI32A	3.7704	-7.16	-1.54	-15.07	-0.98	18.32	-21.1	4.55	0.59	3.87	4.62	4.82	-0.92	-0.03	0.0	-0.27	0.06	1.1429	-2.6275
1PPF_E_I	AI15T,LI18M	0.8245	-7.11	-1.53	-14.53	0.16	16.44	-19.99	0.96	0.86	3.83	4.42	4.19	-1.05	-0.03	0.0	0.09	0.05	-1.472	-2.2965
1PPF_E_I	LI18I,GI32D	9.52662	-7.2	-1.53	-14.88	-0.64	19.09	-20.72	8.47	1.82	3.82	4.09	4.7	-1.54	-0.02	0.0	-0.03	0.06	2.488	-7.03862
1PPF_E_I	LI18M,YI20Q	3.0721	-7.05	-1.54	-13.79	0.15	15.86	-18.88	1.03	0.75	3.83	4.95	4.56	-0.98	-0.03	0.0	0.09	0.06	5.7583	2.6862
1PPF_E_I	LI18M,GI32D	12.70656	-7.12	-1.54	-14.97	-0.77	18.63	-20.57	12.74	0.78	3.75	4.34	4.52	-1.2	-0.03	0.0	-0.04	0.06	3.93043	-8.77613
1PPF_E_I	AI15V,TI17S	-0.6264	-7.16	-1.4	-14.58	0.16	16.18	-20.57	0.71	0.67	3.9	4.18	4.32	-1.11	-0.03	0.0	0.09	0.05	1.7411	2.3675
1R0R_E_I	TI17K,LI18R	1.5298	-8.65	-1.95	-15.14	-0.97	21.02	-18.53	3.04	0.24	2.81	3.07	6.86	-2.1	0.18	-0.0	0.05	0.36	5.18627	3.65647
1R0R_E_I	NI28S,GI32A	0.0215	-8.56	-0.89	-15.37	-0.77	19.56	-19.97	2.88	0.39	2.89	3.56	6.96	-2.12	-0.02	-0.0	-0.01	0.34	1.2363	1.2148
1R0R_E_I	AI15D,GI32A	2.4038	-8.68	-0.9	-16.11	-0.76	23.26	-20.39	3.15	0.37	2.88	4.09	6.95	-2.69	-0.29	-0.0	0.02	0.34	5.82132	3.41752
1R0R_E_I	AI15T,LI18M	-0.4446	-9.12	-1.45	-16.03	-0.77	20.53	-20.32	2.92	1.01	2.82	4.28	6.48	-2.33	-0.02	-0.0	-0.01	0.34	0.2551	0.6997
1R0R_E_I	LI18I,GI32D	1.0197	-8.51	-0.57	-15.5	-0.98	20.33	-20.06	3.01	1.13	2.93	3.3	7.1	-2.52	-0.02	-0.0	-0.08	0.35	5.22964	4.20994
1R0R_E_I	LI18M,YI20Q	-0.0628	-8.52	-1.56	-14.71	-0.79	18.97	-18.49	1.7	0.34	2.67	4.34	6.65	-2.33	-0.02	-0.0	-0.01	0.34	3.5895	3.6523
1R0R_E_I	LI18M,GI32D	-1.2128	-8.43	-1.2	-15.53	-0.99	20.21	-19.63	1.87	0.42	2.94	3.47	6.85	-2.53	-0.02	-0.0	-0.08	0.34	2.3599	3.5727
1R0R_E_I	AI15D,LI18A	4.33241	-8.46	-0.61	-14.99	-0.75	22.48	-18.33	3.04	0.29	2.54	3.17	7.21	-2.85	-0.29	-0.0	0.02	0.36	5.4535	1.12109
1R0R_E_I	AI15V,TI17S	-1.0958	-8.59	-0.63	-15.93	-0.81	19.64	-20.93	2.87	0.75	2.87	4.0	6.33	-2.17	-0.02	-0.0	-0.02	0.36	0.0935	1.1893
1TM1_E_I	RI67A,RI65A	2.0737	-9.13	-1.64	-17.33	-1.55	21.81	-22.79	1.27	0.49	2.52	3.54	6.74	-1.93	-0.08	0.0	-0.11	0.37	5.0494	2.9757
1TM1_E_I	TI58A,EI60A	2.3156	-9.03	-1.62	-16.33	-1.81	20.34	-21.44	1.22	0.46	2.3	3.54	6.38	-2.12	0.41	0.0	-0.47	0.36	3.3887	1.0731
1TM1_E_I	TI58D,EI60A	1.935	-9.19	-1.63	-16.48	-2.74	21.16	-21.45	1.32	0.57	2.36	3.51	6.28	-2.02	0.19	0.0	-0.38	0.37	0.7538	-1.1812
1VFB_AB_C	YA32A,QC121A	4.8224	-3.68	-9.9	-9.84	-1.31	16.96	-10.47	0.31	0.06	1.99	3.68	2.64	-1.76	-0.09	0.0	0.13	0.01	1.58591	-3.23649
1VFB_AB_C	YA32A,IC124A	3.4229	-4.71	-11.07	-10.86	-1.32	18.38	-11.34	0.38	0.07	2.13	4.33	3.01	-1.58	-0.09	0.0	0.13	0.02	2.90551	-0.51739
1VFB_AB_C	YA50A,DC18A	2.6161	-4.78	-10.8	-10.89	-0.99	18.07	-11.46	0.27	0.07	1.91	3.81	2.8	-1.62	-0.09	0.0	0.12	0.02	1.26581	-1.35029
1VFB_AB_C	YA50A,DC119A	4.2982	-4.93	-9.09	-10.9	-0.49	17.57	-11.56	0.31	0.07	2.15	4.79	2.6	-1.98	-0.09	0.0	-0.09	0.02	1.23131	-3.06689
1VFB_AB_C	WA92A,QC121A	5.493	-3.33	-9.54	-9.25	-1.27	16.4	-9.52	0.28	0.07	1.97	3.09	2.19	-1.74	-0.09	0.0	0.13	0.0	3.5187	-1.9743
1VFB_AB_C	WA92A,IC124A	2.4423	-4.35	-11.88	-10.41	-1.33	17.86	-10.58	0.3	0.07	2.11	3.81	2.22	-1.41	-0.09	0.0	0.13	0.0	3.85008	1.40778
1VFB_AB_C	WA92A,RC125A	3.8742	-4.45	-12.05	-10.2	-0.65	17.41	-10.64	0.28	0.07	2.06	5.11	2.13	-1.41	-0.09	0.0	0.28	0.0	3.39306	-0.48114
1VFB_AB_C	WA92A,LC129A	1.9177	-4.33	-11.88	-10.45	-1.33	17.66	-10.69	0.3	0.07	1.9	3.79	2.15	-1.49	-0.09	0.0	0.13	0.0	3.30714	1.38944
1VFB_AB_C	YB32A,KC116A	-0.202	-4.78	-11.58	-11.04	-1.66	17.91	-11.61	0.36	0.08	1.63	3.06	2.76	-1.78	-0.09	0.0	0.07	0.02	1.58591	1.78791
1VFB_AB_C	WB52A,DC119A	2.555	-4.96	-10.82	-10.63	-0.85	17.46	-11.08	0.38	0.09	1.99	4.3	2.86	-2.09	-0.09	0.0	-0.11	0.02	2.2472	-0.3078
1VFB_AB_C	DB54A,TC118A	-0.2754	-4.76	-12.47	-11.39	-1.3	18.34	-12.06	0.36	0.08	1.78	3.89	2.66	-1.85	-0.07	0.0	0.19	0.02	1.25453	1.52993
1VFB_AB_C	DB100A,SC24A	1.2989	-4.35	-9.93	-10.88	-0.82	16.39	-12.1	0.33	0.04	1.89	3.58	2.9	-2.29	0.25	0.0	0.08	0.02	3.36953	2.07063
1VFB_AB_C	YB101F,DC119A	2.5487	-4.23	-10.16	-11.4	-0.91	17.89	-12.51	0.5	0.1	2.13	4.44	2.85	-1.92	-0.09	0.0	-0.1	0.02	2.73633	0.18763
1VFB_AB_C	YB101F,VC120A	2.622	-4.21	-10.2	-11.41	-1.18	18.48	-12.28	0.7	0.09	2.01	3.96	2.64	-2.09	-0.09	0.0	0.13	0.02	2.53829	-0.08371
1Z7X_W_X	YW434A,DW435A	5.1827	-3.57	-19.76	-20.01	-8.44	33.49	-22.05	1.04	0.35	2.1	19.77	3.69	-7.54	-1.21	0.0	-3.49	0.05	7.1676	1.9849
1Z7X_W_X	YW434A,YW437A	7.5789	-3.62	-19.36	-18.45	-9.62	33.5	-19.59	1.06	0.29	2.11	19.12	4.0	-7.54	-1.21	0.0	-3.91	0.04	7.2373	-0.3416
2C5D_A_C	GC32S,DC87G	1.0041	-10.39	-14.16	-19.68	-3.66	27.33	-24.5	1.63	0.41	2.52	15.15	6.79	-3.59	0.0	0.0	-2.0	0.0	-0.5293	-1.5334
2C5D_A_C	GC32S,VC92A	0.5652	-10.39	-14.16	-19.61	-3.9	27.58	-24.16	1.37	0.4	2.57	15.19	6.29	-3.54	0.0	0.0	-2.17	0.0	-0.8466	-1.4118
2C5D_A_C	GC32S,GC127R	0.0254	-10.4	-14.16	-19.7	-3.9	27.38	-24.5	1.57	0.41	2.57	15.1	6.34	-3.6	0.0	0.0	-2.17	0.0	0.0348	0.0094
2C5D_A_C	DC87G,GC127R	0.8138	-10.39	-14.16	-19.67	-3.66	27.26	-24.5	1.55	0.39	2.52	15.17	6.75	-3.6	0.0	0.0	-2.0	0.0	-0.5609	-1.3747
2C5D_A_C	VC92A,GC127R	0.321	-10.39	-14.16	-19.54	-3.9	27.34	-24.12	1.37	0.38	2.57	15.17	6.25	-3.57	0.0	0.0	-2.17	0.0	-0.656	-0.977
2C5D_A_C	DC87G,VC92A	1.133	-10.38	-14.16	-19.48	-3.65	27.19	-24.11	1.37	0.38	2.52	15.19	6.69	-3.57	0.0	0.0	-2.0	0.0	-1.0399	-2.1729
2DVW_A_B	RA41A,KA116A	6.146	-1.74	-13.42	-19.04	-13.31	32.26	-21.61	0.98	0.26	3.83	9.91	1.21	-6.79	0.11	0.0	-2.68	0.0	2.36141	-3.78459
2G2U_A_B	EB73A,YB50A	3.5854	-2.64	-8.45	-17.78	-3.73	24.53	-22.7	0.72	0.56	4.46	6.8	1.86	-3.34	0.16	0.24	-0.69	0.11	-2.45126	-6.03666
2G2U_A_B	YB50A,YB143A	3.0027	-4.08	-9.71	-18.0	-2.06	25.48	-22.66	0.6	0.56	4.68	6.66	1.91	-3.7	-0.14	0.24	-0.19	0.12	-2.07466	-5.07736
2G2U_A_B	EB73A,YB143A	2.3713	-2.58	-8.19	-18.28	-3.11	24.06	-23.62	0.81	0.49	4.59	6.86	1.65	-3.38	0.11	0.14	-0.66	0.12	-1.83458	-4.20588
2G2U_A_B	WB112A,YB143A	1.7609	-4.57	-10.23	-17.78	-2.41	24.55	-22.69	0.75	0.56	4.58	6.55	2.02	-3.11	-0.07	0.24	-0.35	0.34	-0.4094	-2.1703
2G2U_A_B	WB150A,YB143A	2.2559	-3.67	-10.06	-18.02	-1.95	24.74	-23.1	0.93	0.55	3.88	6.7	2.28	-4.15	-0.12	0.24	-0.19	0.12	0.98863	-1.26727
2G2U_A_B	EB73M,SB130K	-0.1329	-2.58	-8.51	-19.47	-3.48	24.67	-25.6	0.95	0.56	4.71	7.05	1.8	-3.16	0.16	0.24	-0.84	0.12	-2.80803	-2.67513
2G2U_A_B	EB73M,KB74A	1.2446	-2.59	-8.28	-18.89	-2.58	23.22	-24.99	0.9	0.56	4.6	7.34	1.85	-3.23	0.07	0.24	-0.44	0.12	0.47442	-0.77018
2G2U_A_B	EB73M,FB142A	3.7818	-2.53	-8.29	-17.26	-3.8	23.57	-22.14	1.35	0.31	3.18	6.04	1.67	-2.68	0.11	0.03	-0.66	0.12	0.32298	-3.45882
2G2U_A_B	DA104A,EB73M	2.0142	-2.6	-8.39	-18.56	-2.4	23.17	-24.49	0.87	0.52	4.57	6.87	1.8	-2.72	0.11	0.24	-0.49	0.12	-2.15337	-4.16757
2J0T_A_D	TD2L,VD4S	1.2028	-9.21	-3.35	-14.24	-2.16	21.8	-17.51	2.31	0.06	1.26	5.49	5.73	-1.78	0.11	0.0	-0.14	0.11	3.46875	2.26595
2J0T_A_D	TD2S,VD4A	1.7597	-9.09	-3.98	-12.82	-2.11	20.88	-14.48	0.86	0.04	1.26	4.72	5.71	-2.05	0.11	0.0	-0.14	0.11	1.2495	-0.5102
2KSO_A_B	RA56E,HB47E	0.62903	-1.58	-8.51	-9.28	-7.17	18.84	-10.37	0.99	0.09	4.15	8.03	2.08	-0.85	0.02	0.0	-1.73	0.04	0.45433	-0.1747
2OOB_A_B	AA937E,GA941S	1.8197	-2.89	-2.45	-8.29	-0.7	9.7	-12.52	0.23	0.12	1.69	5.29	1.24	-0.76	0.24	0.0	-0.41	0.07	3.1018	1.2821
2PCC_A_B	KB87A,DA34A	1.31245	-0.55	-3.66	-6.04	-1.39	8.31	-7.73	0.75	0.19	0.8	5.47	2.16	-2.34	-0.23	0.0	-0.85	0.0	0.20291	-1.10954
2PCC_A_B	KB87A,VA197A	1.3663	-0.53	-4.92	-6.06	-2.33	9.04	-7.26	0.98	0.23	0.8	5.76	2.43	-1.78	-0.24	0.0	-1.17	0.0	1.50075	0.13445
2PCC_A_B	KB72A,VA197A	1.25529	-0.53	-4.92	-5.88	-2.34	8.74	-7.1	0.98	0.23	0.8	5.68	2.35	-1.69	-0.26	0.0	-1.22	0.0	2.79957	1.54428
2PCC_A_B	KB72A,EA290A	1.58735	-0.53	-3.26	-6.2	-1.83	8.9	-7.61	0.97	0.18	0.81	4.55	2.02	-1.67	-0.26	0.0	-0.88	0.0	1.10162	-0.48573
2PCC_A_B	AB81G,DA34A	1.97137	-0.53	-3.66	-6.07	-1.57	8.62	-7.49	0.87	0.18	0.73	5.47	2.31	-2.08	-0.23	0.0	-1.06	0.0	-0.09775	-2.06912
2PCC_A_B	AB81G,VA197A	1.02113	-0.53	-4.92	-5.83	-2.49	8.86	-6.86	0.98	0.2	0.76	5.92	1.89	-1.81	-0.26	0.0	-1.35	0.0	2.10163	1.0805
2WPT_A_B	NA34V,RA38T	-1.0298	-6.78	-11.59	-15.36	-3.69	23.0	-18.72	0.58	0.36	4.32	10.04	2.43	-3.94	-0.47	0.0	-1.0	0.0	-2.587	-1.5572
2WPT_A_B	FB86A,DA33A	4.3507	-7.3	-12.06	-13.8	-3.26	22.97	-15.43	0.3	0.33	4.32	10.43	3.12	-3.7	-0.53	0.0	-0.79	0.0	-0.13213	-4.48283
2WPT_A_B	FB86A,NA34A	3.7042	-6.72	-11.45	-13.25	-3.58	22.23	-14.96	0.3	0.33	4.17	9.67	2.1	-3.63	-0.47	0.0	-0.94	0.0	1.35153	-2.35267
2WPT_A_B	FB86A,VA37A	3.9883	-7.37	-12.05	-13.79	-3.5	23.26	-15.22	0.3	0.32	4.42	10.46	2.61	-3.71	-0.47	0.0	-0.94	0.0	3.11119	-0.87711
2WPT_A_B	DA33A,FB86A	4.4608	-7.32	-12.08	-13.77	-3.24	22.95	-15.37	0.28	0.33	4.31	10.45	3.12	-3.65	-0.53	0.0	-0.79	0.0	-0.16461	-4.62541
2WPT_A_B	SB84A,NA34A	0.259	-6.74	-11.59	-14.55	-3.63	22.73	-17.16	0.32	0.34	4.39	9.62	2.07	-3.83	-0.47	0.0	-0.94	0.0	-0.43704	-0.69604
3D3V_ABC_DE	EE30A,YC8A	2.3903	-4.0	-8.56	-15.19	-3.11	20.6	-19.2	0.47	0.25	3.64	8.28	2.51	-2.92	-0.14	-0.0	-0.4	-0.0	3.89897	1.50867
3D3V_ABC_DE	EE30A,YC8F	1.2022	-4.01	-8.56	-16.01	-3.11	21.14	-20.53	0.47	0.25	3.91	8.28	2.98	-2.97	-0.14	-0.0	-0.4	-0.0	2.5722	1.37
3D3V_ABC_DE	LE98A,YC8A	4.9042	-3.97	-8.54	-14.17	-3.05	20.17	-17.25	0.46	0.24	3.74	7.9	2.89	-3.07	-0.13	-0.0	-0.4	-0.0	4.38813	-0.51607
3HFM_HL_Y	NL31A,KY96A	0.1892	-2.79	-7.53	-13.97	-0.61	20.16	-14.66	2.3	1.35	5.7	5.83	5.68	-3.4	0.0	0.0	-0.46	0.0	7.46799	7.27879
3HFM_HL_Y	YL50A,RY21A	1.55753	-2.79	-6.98	-12.73	-1.17	19.76	-13.51	2.67	0.99	6.34	4.86	5.68	-3.11	0.0	0.0	-0.41	-0.0	6.36613	4.8086
3HFM_HL_Y	YL50F,RY21A	2.45103	-2.17	-5.04	-13.42	-1.56	20.36	-14.81	4.09	0.92	5.67	5.5	5.06	-4.22	0.0	0.0	-0.55	0.01	4.3306	1.87957
3HFM_HL_Y	YL50F,YY20A	2.48758	-3.53	-6.46	-13.74	-1.15	20.07	-14.97	5.82	1.14	6.09	5.52	4.88	-2.88	0.0	0.0	-0.5	0.0	6.22333	3.73575
3HFM_HL_Y	YL50A,KY96A	2.00474	-2.76	-7.53	-13.72	-0.61	20.24	-14.19	2.48	1.34	5.99	6.34	5.93	-3.35	0.0	0.0	-0.46	-0.0	7.72962	5.72488
3HFM_HL_Y	YL50A,KY97A	2.53738	-2.85	-8.85	-13.91	-0.02	21.87	-13.88	2.56	1.38	6.44	5.96	5.48	-3.33	0.0	0.0	-0.16	-0.0	7.31917	4.78179
3HFM_HL_Y	YH33A,KY97A	2.21323	-2.19	-12.03	-13.05	0.75	20.42	-13.0	3.55	0.99	5.74	6.74	4.79	-2.9	0.0	0.0	-0.15	0.0	7.22789	5.01466
3HFM_HL_Y	WH98F,YY20A	0.37728	-2.88	-8.48	-13.69	-0.58	20.55	-14.96	3.09	0.95	6.31	5.6	5.44	-2.54	0.0	0.0	-0.42	0.0	6.22869	5.85141
3HFM_HL_Y	WH98A,KY96A	1.34287	-2.73	-5.64	-12.61	-0.99	18.26	-13.46	2.28	0.87	6.12	5.04	5.72	-3.31	0.0	0.0	-0.4	0.0	7.72962	6.38675
3HFM_HL_Y	DH32A,KY97A	1.1888	-2.9	-10.42	-14.82	0.43	22.78	-15.07	2.97	1.39	6.43	5.84	5.44	-2.59	0.0	0.0	-0.14	0.0	4.5922	3.4034
3HFM_HL_Y	DH32N,KY97A	1.21205	-2.9	-10.42	-15.06	0.43	23.19	-15.24	2.96	1.39	6.55	5.82	5.46	-2.58	0.0	0.0	-0.14	0.0	4.89129	3.67924
3HFM_HL_Y	DH32A,KY97M	0.18189	-2.91	-10.43	-15.4	0.43	23.01	-16.18	3.04	1.45	6.32	6.14	5.44	-2.54	0.0	0.0	-0.14	0.0	1.1234	0.94151
3HFM_HL_Y	DH32N,KY97M	0.20409	-2.92	-10.43	-15.7	0.43	23.54	-16.37	3.1	1.44	6.4	6.15	5.47	-2.66	0.0	0.0	-0.14	0.0	0.3025	0.09841
3HFM_HL_Y	YH50A,RY21A	0.00612	-2.1	-7.69	-13.62	-0.87	20.6	-15.07	3.27	0.69	5.91	5.64	4.15	-2.88	0.0	0.0	-0.41	0.0	7.94083	7.93471
3HFM_HL_Y	YL96A,RY21A	0.43064	-2.29	-8.0	-13.33	-0.71	20.35	-14.44	3.07	0.9	6.14	4.69	5.14	-2.85	0.0	0.0	-0.41	0.0	5.75644	5.3258
3HFM_HL_Y	YL96F,RY21A	-0.33905	-2.3	-8.0	-13.36	-0.71	20.32	-14.5	3.06	0.95	6.11	4.57	4.72	-2.97	0.0	0.0	-0.41	0.0	4.1818	4.52085
3KUD_A_B	KB85A,NB71R	-2.3131	-5.88	-7.41	-9.94	-3.69	14.33	-11.45	0.24	0.2	1.4	7.49	4.71	-1.7	0.12	0.0	-1.96	0.0	0.76621	3.07931
3KUD_A_B	KB85A,TA35A	-0.5976	-4.98	-6.53	-9.25	-2.78	13.25	-10.87	0.22	0.2	1.4	5.44	4.65	-1.38	0.07	0.0	-1.28	0.0	3.03914	3.63674
3KUD_A_B	TA35A,NB71R	-1.9103	-6.31	-6.35	-10.47	-5.3	16.29	-11.79	0.21	0.22	1.4	7.97	4.95	-1.77	0.19	0.0	-2.4	0.0	1.48862	3.39892
3QDG_ABC_DE	DD26W,LE98W	-1.5967	-2.49	-8.31	-17.99	-3.63	24.15	-22.75	1.94	0.1	3.36	10.59	3.04	-5.27	0.47	-0.0	-0.55	0.0	-3.3531	-1.7564
3QDG_ABC_DE	DD26Y,LE98W	-2.9683	-2.49	-9.2	-18.26	-3.78	24.5	-22.99	1.88	0.09	3.59	10.59	2.77	-5.1	0.48	-0.0	-0.55	0.0	-3.5417	-0.5734
3QDJ_ABC_DE	DD26W,LE98W	0.7045	-2.04	-6.89	-17.46	-1.97	21.89	-22.39	1.5	0.06	3.55	9.85	1.82	-4.4	0.29	-0.0	-0.1	0.01	-2.5297	-3.2342
3QDJ_ABC_DE	DD26Y,LE98W	-0.094	-2.4	-7.76	-18.17	-2.03	22.58	-23.19	0.83	0.07	3.6	11.26	2.05	-4.06	0.31	-0.0	-0.13	0.01	-1.913	-1.819
3QIB_ABP_CD	KA67A,EB66A	0.4227	-8.63	-17.69	-24.56	-4.97	37.02	-29.18	0.93	1.09	5.01	11.74	1.7	-4.46	0.19	-0.0	-0.87	0.04	1.50629	1.08359
3QIB_ABP_CD	YP7F,TP12S	1.7353	-7.91	-17.04	-24.31	-5.3	36.74	-28.91	0.93	1.04	4.93	12.3	1.33	-4.36	0.19	-0.0	-1.09	0.04	1.21636	-0.51894
3S9D_A_B	RA149A,EB77A	0.6249	-2.94	-7.93	-18.86	-2.88	20.75	-26.13	3.3	2.48	4.71	11.69	3.43	-1.77	-0.49	1.38	-1.33	0.19	3.60067	2.97577
3S9D_A_B	TB44A,LA15A	1.3965	-2.89	-7.26	-19.26	-3.85	22.51	-25.79	3.29	2.5	5.07	11.18	3.74	-2.24	-0.42	1.38	-1.37	0.16	3.57678	2.18028
3S9D_A_B	TB44A,LA26A	2.0188	-2.86	-7.3	-18.54	-3.84	21.87	-24.59	3.28	2.43	4.69	10.7	3.7	-2.32	-0.42	1.38	-1.37	0.16	3.39312	1.37432
3S9D_A_B	TB44A,FA27A	2.2873	-2.84	-7.3	-18.42	-3.85	21.93	-24.53	3.07	2.5	4.64	10.54	3.98	-2.27	-0.42	1.38	-1.37	0.16	3.01993	0.73263
3S9D_A_B	TB44A,LA30A	2.5926	-2.83	-7.17	-18.7	-3.78	22.13	-24.71	3.14	2.5	4.69	10.92	3.87	-2.25	-0.42	1.38	-1.37	0.16	5.95839	3.36579
3S9D_A_B	TB44A,RA144A	0.7152	-2.88	-7.3	-19.49	-3.75	22.24	-26.47	3.28	2.5	4.8	11.58	3.96	-2.52	-0.42	1.38	-1.29	0.16	4.04623	3.33103
3S9D_A_B	TB44A,AA145G	1.0764	-2.82	-7.3	-19.18	-3.85	22.16	-25.84	3.28	2.5	4.69	11.25	3.73	-2.34	-0.42	1.38	-1.37	0.16	4.34923	3.27283
3S9D_A_B	TB44A,MA148A	1.5953	-2.83	-7.3	-19.06	-3.84	22.34	-25.58	3.29	2.5	4.96	11.14	3.78	-2.34	-0.42	1.38	-1.37	0.16	4.46176	2.86646
3S9D_A_B	TB44A,RA149A	2.3385	-2.92	-6.72	-18.52	-2.83	20.5	-25.65	3.28	2.48	4.71	11.15	3.98	-2.07	-0.42	1.38	-1.22	0.19	5.26598	2.92748
3S9D_A_B	TB44A,SA152A	0.9864	-2.86	-5.49	-19.43	-3.76	21.21	-26.77	3.33	2.5	4.73	11.13	3.73	-2.26	-0.17	1.38	-1.38	0.09	3.06174	2.07534
3S9D_A_B	TB44A,LA153A	1.4564	-2.89	-7.3	-19.07	-3.65	21.95	-25.63	3.28	2.48	4.92	11.25	3.71	-2.11	-0.42	1.38	-1.37	0.1	3.31075	1.85435
3S9D_A_B	IB45A,RA144A	1.0482	-2.87	-7.13	-19.75	-3.65	22.49	-26.84	3.29	2.5	4.66	11.47	3.99	-2.01	-0.42	1.38	-1.29	0.16	4.26906	3.22086
3S9D_A_B	IB45A,AA145G	1.5361	-2.81	-7.13	-19.43	-3.73	22.39	-26.22	3.29	2.5	4.55	11.16	3.8	-1.76	-0.42	1.38	-1.38	0.16	4.4718	2.9357
3S9D_A_B	IB45A,MA148A	0.9301	-2.79	-8.36	-19.44	-3.74	22.75	-26.05	3.42	2.51	4.82	11.54	3.65	-2.04	-0.41	1.38	-1.38	0.16	4.23294	3.30284
3S9D_A_B	IB45A,RA149A	1.0774	-2.89	-8.14	-18.89	-2.91	20.73	-26.13	3.29	2.47	4.48	11.66	3.87	-1.51	-0.46	1.38	-1.3	0.16	4.99926	3.92186
3S9D_A_B	IB45A,SA152A	1.5697	-2.85	-5.22	-19.73	-3.63	21.47	-27.21	3.4	2.5	4.6	11.09	3.89	-1.79	-0.17	1.38	-1.39	0.09	3.00531	1.43561
3S9D_A_B	IB45A,LA153A	1.877	-2.9	-6.81	-19.13	-3.36	21.66	-25.89	3.34	2.49	4.75	10.84	3.69	-1.53	-0.43	1.38	-1.36	0.13	3.55962	1.68262
3S9D_A_B	WB100A,RA12A	0.1332	-1.8	-4.64	-15.6	-2.49	17.0	-22.3	0.54	0.28	2.23	8.07	3.74	-2.04	-0.42	0.73	-0.8	0.13	2.33977	2.20657
3S9D_A_B	WB100A,LA15A	3.5319	-2.84	-7.24	-18.18	-3.87	21.93	-24.2	3.3	2.5	4.65	10.87	3.75	-1.97	-0.42	1.38	-1.37	0.16	3.07505	-0.45685
3S9D_A_B	WB100A,MA148A	3.8971	-2.71	-7.29	-18.0	-3.86	21.85	-23.91	3.3	2.5	4.54	10.84	3.79	-2.09	-0.42	1.38	-1.37	0.16	3.84443	-0.05267
3S9D_A_B	WB100A,SA152A	4.8946	-2.74	-5.28	-18.18	-3.67	20.74	-24.74	3.39	2.5	4.44	10.86	4.04	-1.69	-0.16	1.38	-1.38	0.09	2.75022	-2.14438
3S9D_A_B	WB100A,LA153A	4.3918	-2.75	-7.24	-17.75	-3.66	21.34	-23.58	3.3	2.48	4.59	10.98	3.73	-1.88	-0.42	1.38	-1.37	0.1	2.94292	-1.44888
3S9D_A_B	IB103A,LA15A	2.1291	-2.7	-7.29	-18.63	-3.77	22.23	-24.48	3.02	2.37	4.75	10.6	3.52	-2.1	-0.42	1.26	-1.37	0.16	3.73861	1.60951
3S9D_A_B	IB103A,LA26A	1.2226	-1.84	-4.7	-16.98	-3.73	19.7	-22.55	0.89	1.02	3.53	8.73	3.52	-2.32	-0.17	1.13	-1.31	0.09	3.0342	1.8116
3S9D_A_B	IB103A,FA27A	1.9186	-1.85	-4.75	-15.45	-3.54	17.76	-20.86	0.62	0.73	2.57	8.07	3.75	-2.04	-0.17	1.13	-1.3	0.08	2.81488	0.89628
3S9D_A_B	IB103A,LA30A	2.3921	-1.86	-4.74	-15.79	-3.49	18.24	-20.95	0.88	0.85	2.76	8.33	3.54	-2.11	-0.17	1.14	-1.3	0.08	5.44681	3.05471
3S9D_A_B	IB103A,RA144A	0.3688	-1.86	-4.79	-16.52	-3.34	18.09	-22.82	0.98	0.8	2.74	8.83	3.72	-2.28	-0.17	1.12	-1.2	0.08	3.52372	3.15492
3S9D_A_B	IB103A,MA148A	1.2679	-1.82	-4.95	-16.37	-3.46	18.54	-22.28	1.1	0.83	2.9	8.83	3.5	-2.14	-0.17	1.12	-1.29	0.08	4.03333	2.76543
3S9D_A_B	IB103A,RA149A	1.8824	-1.93	-4.67	-15.71	-2.67	17.27	-22.09	0.85	0.9	2.82	8.58	3.91	-2.12	-0.42	1.2	-1.1	0.13	4.90602	3.02362
3S9D_A_B	IB103A,SA152A	-0.5159	-1.84	-4.15	-17.93	-3.79	19.53	-24.76	1.19	1.15	3.56	9.0	3.49	-1.91	-0.16	1.15	-1.31	0.07	3.25519	3.77109
3S9D_A_B	IB103A,LA153A	1.7205	-1.89	-5.02	-16.19	-3.17	18.67	-22.0	0.89	0.74	2.9	8.82	3.46	-1.91	-0.4	1.1	-1.2	0.07	3.34508	1.62458
3S9D_A_B	DB104A,LA26A	-0.2081	-1.96	-5.04	-17.73	-3.56	19.93	-24.14	1.06	1.2	3.37	9.51	3.45	-2.66	-0.27	1.29	-1.12	0.09	2.94292	3.15102
3S9D_A_B	DB104A,FA27A	0.0519	-1.92	-4.66	-17.29	-3.44	19.32	-23.83	0.66	1.07	3.0	9.28	3.77	-2.61	-0.27	1.26	-1.11	0.09	2.38365	2.33175
3S9D_A_B	DB104A,RA144A	-1.5597	-1.98	-4.85	-18.6	-3.48	20.14	-25.94	0.95	1.14	3.41	10.44	3.79	-2.86	-0.27	1.25	-1.09	0.09	3.67048	5.23018
3S9D_A_B	DB104A,SA152A	-1.5085	-2.0	-3.52	-18.07	-3.2	18.74	-25.91	1.24	0.84	2.93	9.69	3.44	-2.41	-0.27	1.22	-1.1	0.06	2.67762	4.18612
3S9D_A_B	DB104A,LA153A	-0.2836	-2.03	-5.09	-17.53	-3.01	19.36	-24.55	1.04	0.84	3.12	9.76	3.69	-2.28	-0.52	1.25	-1.04	0.1	3.01993	3.30353
3S9D_A_B	MB46V,LA15A	2.4066	-3.0	-7.34	-18.75	-3.9	22.79	-24.81	3.29	2.53	5.15	10.44	3.49	-1.81	-0.42	1.38	-1.37	0.16	4.42523	2.01863
3S9D_A_B	MB46V,LA26A	2.7174	-2.96	-7.37	-18.23	-3.89	22.15	-24.03	3.29	2.48	4.71	10.18	3.48	-1.88	-0.42	1.38	-1.37	0.16	4.31457	1.59717
3S9D_A_B	MB46V,LA30A	3.6064	-2.92	-7.17	-18.07	-3.82	22.3	-23.56	3.13	2.5	4.73	10.24	3.42	-1.93	-0.42	1.38	-1.37	0.16	7.11038	3.50398
3S9D_A_B	MB46V,RA144A	2.4127	-3.83	-7.07	-19.09	-4.07	22.13	-25.27	3.34	2.53	5.01	12.03	3.77	-1.77	-0.17	1.38	-1.34	0.1	3.70325	1.29055
3S9D_A_B	MB46V,AA145G	2.1295	-2.79	-7.36	-18.61	-3.87	22.18	-24.87	3.29	2.54	4.56	10.55	3.48	-1.89	-0.42	1.38	-1.37	0.16	5.29765	3.16815
3S9D_A_B	MB46V,MA148A	2.643	-2.84	-7.37	-18.54	-3.89	22.6	-24.59	3.29	2.53	5.05	10.37	3.48	-1.88	-0.42	1.38	-1.37	0.16	5.45396	2.81096
3S9D_A_B	MB46V,RA149A	3.4473	-3.02	-6.77	-17.9	-2.85	20.58	-24.52	3.28	2.49	4.79	10.38	3.69	-1.53	-0.42	1.38	-1.23	0.16	6.06365	2.61635
3S9D_A_B	MB46V,SA152A	2.9617	-3.45	-5.4	-19.11	-4.17	21.87	-25.68	3.42	2.52	4.94	11.52	3.85	-2.05	-0.17	1.38	-1.4	0.09	4.07851	1.11681
3S9D_A_B	MB46V,LA153A	2.3159	-3.0	-7.37	-18.5	-3.7	22.23	-24.53	3.29	2.49	5.0	10.49	3.33	-1.84	-0.42	1.38	-1.37	0.1	4.53094	2.21504
3S9D_A_B	EB77A,LA15A	2.897	-2.93	-6.27	-19.09	-2.9	20.83	-25.9	3.36	2.49	5.02	11.39	3.54	-1.39	-0.23	1.38	-1.21	0.11	4.09048	1.19348
3S9D_A_B	EB77A,LA30A	3.8309	-3.6	-6.89	-18.77	-2.64	20.92	-24.83	3.26	2.49	4.75	12.23	3.79	-1.93	-0.23	1.38	-1.21	0.11	6.05513	2.22423
3S9D_A_B	EB77A,RA144A	1.2294	-3.33	-9.27	-19.91	-2.67	21.35	-27.07	4.38	2.48	4.9	13.5	3.97	-2.06	-0.23	1.38	-1.15	0.11	4.65629	3.42689
3S9D_A_B	EB77A,AA145G	1.1233	-3.67	-8.55	-19.44	-2.73	21.09	-26.28	3.99	2.49	4.71	12.91	3.73	-2.2	-0.23	1.38	-1.21	0.1	5.03876	3.91546
3S9D_A_B	EB77A,MA148A	1.4115	-3.66	-8.1	-19.25	-2.71	21.21	-25.9	3.3	2.53	5.07	12.81	3.77	-2.35	-0.23	1.38	-1.22	0.1	4.97848	3.56698
3S9D_A_B	EB77A,RA149A	0.2121	-2.94	-8.43	-18.79	-2.88	20.66	-26.04	3.29	2.47	4.67	11.68	3.38	-1.65	-0.47	1.38	-1.34	0.15	3.63065	3.41855
3S9D_A_B	EB77A,SA152A	-0.1979	-3.76	-7.45	-19.78	-2.74	20.95	-27.28	3.37	2.5	4.77	12.71	3.69	-2.18	-0.23	1.38	-1.21	0.09	3.54194	3.73984
3S9D_A_B	EB77A,LA153A	0.3852	-3.63	-8.67	-19.26	-2.7	20.94	-25.99	3.29	2.48	4.84	12.87	3.65	-2.34	-0.23	1.38	-1.21	0.08	3.76791	3.38271
3S9D_A_B	HB76A,RA12A	-0.9978	-1.97	-2.94	-15.59	-2.36	15.59	-22.67	0.56	0.3	2.43	7.17	3.31	-1.93	-0.17	0.74	-0.78	0.0	2.2133	3.2111
3S9D_A_B	HB76A,LA15A	2.2634	-2.85	-5.57	-18.4	-3.82	20.46	-24.99	3.3	2.51	4.91	10.5	3.39	-1.86	-0.17	1.38	-1.38	0.02	4.01478	1.75138
3S9D_A_B	HB76A,LA26A	2.9118	-2.87	-5.57	-17.72	-3.81	19.93	-23.84	3.38	2.45	4.56	9.98	3.38	-1.99	-0.17	1.38	-1.38	0.02	3.05498	0.14318
3S9D_A_B	HB76A,RA149A	3.6931	-2.85	-4.98	-17.7	-2.56	18.47	-24.91	3.37	2.5	4.6	10.45	3.69	-1.65	-0.17	1.38	-1.11	0.02	3.84443	0.15133
3S9D_A_B	HB76A,SA152A	1.1247	-2.78	-5.57	-18.55	-3.82	19.99	-25.71	3.29	2.5	4.64	10.59	3.39	-1.8	-0.17	1.38	-1.38	0.02	1.1351	0.0104
3S9D_A_B	HB76A,LA153A	2.2013	-3.4	-5.9	-18.56	-3.79	20.34	-25.21	3.36	2.58	4.67	11.67	3.54	-2.0	-0.17	1.38	-1.41	0.02	2.93796	0.73666
3SGB_E_I	TI17K,LI18R	-0.6027	-9.37	-4.27	-14.04	-1.24	19.9	-16.8	3.09	0.17	3.25	3.87	6.37	-1.65	0.06	0.0	-0.36	0.34	5.23338	5.83608
3SGB_E_I	TI17R,LI18R	1.0648	-8.87	-4.16	-13.99	-1.23	19.73	-16.23	4.41	0.1	3.25	3.65	5.81	-1.51	0.12	0.0	-0.43	0.34	5.47477	4.40997
3SGB_E_I	NI28S,GI32A	1.4779	-8.19	-2.59	-12.91	-0.58	16.81	-16.84	5.45	0.03	3.23	2.34	5.56	-1.2	-0.07	0.0	0.0	0.34	1.3116	-0.1663
3SGB_E_I	AI15D,GI32A	2.387	-8.22	-2.59	-13.51	-1.16	19.08	-17.27	5.58	0.03	3.24	2.91	5.61	-1.62	-0.07	0.0	-0.05	0.34	1.066	-1.321
3SGB_E_I	AI15T,LI18M	1.9301	-8.11	-2.52	-13.45	-0.58	17.82	-16.96	4.15	0.04	3.26	3.02	6.32	-1.41	-0.07	0.0	0.0	0.34	0.4698	-1.4603
3SGB_E_I	LI18I,GI32D	8.5016	-8.07	-2.55	-13.33	-0.59	18.25	-17.45	10.22	1.66	3.18	2.47	5.85	-1.68	-0.07	0.0	0.1	0.34	5.76408	-2.73752
3SGB_E_I	LI18M,YI20Q	1.1867	-8.0	-3.02	-12.74	-0.93	16.85	-16.02	3.07	0.06	3.22	3.99	5.92	-1.61	-0.07	0.0	0.0	0.34	3.7239	2.5372
3SGB_E_I	LI18M,GI32D	3.1787	-8.13	-2.55	-13.26	-0.55	18.1	-16.84	6.29	0.03	3.22	2.53	5.9	-2.07	-0.07	0.0	0.12	0.34	2.2435	-0.9352
3SGB_E_I	AI15D,LI18A	4.33083	-7.87	-2.51	-12.25	-1.21	18.6	-14.72	3.67	0.02	3.15	2.08	6.57	-1.6	-0.07	0.0	-0.05	0.34	2.5832	-1.74763
3SGB_E_I	TI17P,LI18K	0.4386	-8.98	-3.3	-12.94	-0.82	18.58	-16.27	3.09	0.03	3.21	3.45	5.56	-1.47	-0.05	0.0	-0.1	0.34	6.23235	5.79375
3SGB_E_I	AI15V,TI17S	0.1374	-8.14	-2.52	-13.39	-0.57	17.04	-17.46	4.34	0.08	3.32	2.79	5.59	-1.22	-0.07	0.0	0.0	0.34	1.5853	1.4479
4B0M_A_BM	PM103S,PM104A	2.2226	-4.17	-7.2	-20.82	-1.26	21.72	-30.23	1.43	0.07	1.07	14.39	6.78	-2.5	0.0	0.0	-0.56	0.0	2.07151	-0.15109
4B0M_A_BM	YM12G,YM40A	0.1682	-4.21	-7.11	-21.2	-1.26	21.42	-31.11	1.45	0.05	1.06	14.35	6.01	-2.25	0.0	0.0	-0.56	0.0	2.20364	2.03544
4FTV_ABC_DE	KD68A,TA163A	1.074	-4.07	-7.14	-18.48	-4.66	24.4	-23.16	0.43	0.41	6.18	7.71	3.6	-2.64	-0.16	-0.0	-0.31	-0.0	-2.12938	-3.20338
4G0N_A_B	TB68A,IA21A	2.2121	-7.07	-8.19	-11.08	-5.1	16.36	-12.91	0.21	0.16	1.52	7.64	5.79	-1.35	0.13	0.0	-1.87	-0.0	2.20012	-0.01198
4G0N_A_B	VB69A,IA21A	2.5287	-7.04	-9.76	-10.36	-5.14	16.25	-11.43	0.22	0.14	1.47	7.3	5.81	-1.22	0.13	0.0	-1.87	-0.0	1.60262	-0.92608
4G0N_A_B	VB88A,IA21A	1.319	-7.13	-9.75	-10.7	-5.29	16.5	-12.02	0.25	0.17	1.52	7.54	5.59	-1.59	0.13	0.0	-1.87	-0.0	0.30031	-1.01869
4G0N_A_B	VB88A,HA27A	1.0166	-7.13	-9.75	-10.9	-5.4	16.52	-12.47	0.25	0.16	1.52	7.9	5.59	-1.49	0.21	0.0	-1.95	0.0	0.19892	-0.81768
4G0N_A_B	RB59A,EA31A	2.1459	-7.1	-7.62	-10.89	-3.42	15.15	-13.23	0.17	0.15	1.54	6.05	5.67	-1.03	0.06	0.0	-1.31	-0.0	2.20012	0.05422
4G0N_A_B	TB68A,EA31A	1.5025	-7.08	-8.19	-11.47	-4.9	16.35	-13.77	0.21	0.17	1.51	7.77	5.78	-1.26	0.07	0.0	-1.67	-0.0	1.60262	0.10012
4G0N_A_B	KB84A,EA31A	0.8825	-7.15	-9.19	-11.3	-4.24	16.4	-13.34	0.24	0.17	1.53	6.53	5.44	-0.93	0.03	0.0	-1.28	-0.0	2.10016	1.21766
4G0N_A_B	RB59A,DA33A	2.388	-7.1	-6.77	-10.37	-2.59	14.22	-12.67	0.16	0.15	1.53	4.12	5.58	-0.93	0.09	0.0	-1.0	-0.0	2.59975	0.21175
4G0N_A_B	KB84A,DA33A	0.8649	-7.15	-9.19	-11.29	-4.03	16.31	-13.33	0.24	0.17	1.53	6.27	5.4	-0.92	0.04	0.0	-1.15	-0.0	2.70014	1.83524
4G0N_A_B	RB59A,IA36A	3.1961	-7.12	-7.8	-9.58	-3.57	14.23	-11.01	0.16	0.14	1.42	5.32	5.5	-1.19	0.13	0.0	-1.51	-0.0	4.39842	1.20232
4G0N_A_B	TB68A,IA36A	2.3404	-7.07	-8.19	-10.5	-5.07	15.83	-11.91	0.3	0.16	1.4	7.11	5.4	-1.46	0.13	0.0	-1.87	-0.0	3.09981	0.75941
4G0N_A_B	VB69A,IA36A	3.1699	-7.06	-9.77	-10.14	-4.98	15.89	-11.09	0.21	0.14	1.35	7.06	6.36	-1.21	0.13	0.0	-1.87	-0.0	2.70014	-0.46976
4G0N_A_B	RB59A,EA37A	2.1054	-7.1	-7.2	-10.32	-2.99	14.14	-12.61	0.17	0.15	1.49	4.6	5.85	-0.96	0.14	0.0	-1.27	-0.0	2.40033	0.29493
4G0N_A_B	TB68A,EA37A	3.0977	-7.09	-5.63	-10.18	-2.98	13.77	-12.57	0.14	0.15	1.48	4.44	5.95	-1.22	0.16	0.0	-1.33	-0.0	2.89983	-0.19787
4G0N_A_B	VB69A,EA37A	2.8563	-7.08	-7.2	-9.85	-3.1	13.96	-11.62	0.16	0.14	1.43	4.23	5.9	-0.96	0.15	0.0	-1.36	-0.0	2.79989	-0.05641
4G0N_A_B	KB84A,EA37A	1.7918	-7.1	-6.62	-10.34	-2.25	13.96	-12.59	0.18	0.15	1.49	3.22	5.63	-1.18	0.09	0.0	-0.85	-0.0	3.49945	1.70765
4G0N_A_B	RB59A,DA38A	5.2698	-7.09	-5.02	-9.81	-1.62	12.69	-12.2	0.16	0.15	1.54	4.67	5.92	-1.12	0.02	0.0	-0.96	-0.0	4.59855	-0.67125
4G0N_A_B	TB68A,DA38A	3.4707	-7.04	-7.51	-11.18	-3.38	14.99	-13.63	0.21	0.17	1.49	7.53	6.07	-0.95	0.02	0.0	-1.33	-0.0	3.09981	-0.37089
4G0N_A_B	QB66A,SA39A	1.1974	-6.34	-9.13	-10.57	-5.29	15.48	-12.87	0.2	0.13	1.42	7.37	5.63	-1.19	0.13	0.0	-1.87	-0.0	2.10016	0.90276
4G0N_A_B	RB67A,SA39A	1.0633	-7.06	-9.26	-10.84	-3.99	15.34	-13.29	0.23	0.17	1.55	6.81	6.1	-1.26	0.15	0.0	-1.56	-0.0	2.30042	1.23712
4G0N_A_B	TB68A,SA39A	0.775	-7.08	-8.19	-11.52	-5.17	16.3	-14.12	0.21	0.17	1.52	7.84	6.06	-1.48	0.13	0.0	-1.86	-0.0	2.00128	1.22628
4G0N_A_B	NB64A,RA41A	2.8712	-5.48	-8.17	-10.62	-5.04	15.3	-12.99	0.16	0.1	1.43	7.74	5.23	-0.85	0.16	0.0	-2.16	-0.0	-0.59978	-3.47098
4G0N_A_B	QB66A,RA41A	3.9213	-4.73	-7.53	-9.78	-5.17	14.37	-12.02	0.16	0.09	1.37	7.33	4.75	-1.03	0.16	0.0	-2.16	-0.0	1.30009	-2.62121
4G0N_A_B	NB64A,VA45A	0.1325	-7.15	-9.77	-11.55	-5.18	16.72	-13.72	0.23	0.14	1.52	7.8	5.9	-1.03	0.13	0.0	-1.87	-0.0	0.0	-0.1325
4G0N_A_B	QB66A,VA45A	1.4505	-6.43	-9.17	-10.97	-5.09	16.1	-13.07	0.21	0.14	1.42	7.52	5.48	-1.01	0.13	0.0	-1.87	-0.0	1.60262	0.15212
4G0N_A_B	RB67A,VA45A	1.2543	-7.06	-9.26	-10.79	-3.91	15.3	-13.04	0.24	0.16	1.52	6.81	5.84	-1.12	0.15	0.0	-1.56	-0.0	1.80055	0.54625
4G0N_A_B	TB68A,VA45A	1.2764	-7.08	-8.19	-11.5	-5.11	16.39	-13.8	0.21	0.17	1.51	7.91	5.8	-1.26	0.13	0.0	-1.87	-0.0	1.10016	-0.17624
4G0N_A_B	FB61W,NB71R	-3.3642	-8.74	-11.54	-12.92	-6.62	19.68	-14.76	0.27	0.17	1.57	9.28	5.43	-0.97	0.2	0.0	-2.34	-0.0	-0.2875	3.0767
4G0N_A_B	NB71R,AB85K	-3.8928	-8.04	-10.62	-12.48	-7.16	18.78	-14.61	0.26	0.17	1.53	9.25	4.7	-1.28	0.19	0.0	-2.56	-0.0	-1.27877	2.61403
4G0N_A_B	TA35A,NB71R	-1.27	-7.74	-10.4	-12.53	-5.65	18.06	-14.71	0.23	0.17	1.46	9.24	5.97	-1.31	0.17	0.0	-2.28	-0.0	2.09877	3.36877
4G0N_A_B	TA35A,AB85K	-2.156	-7.25	-9.89	-11.78	-6.81	18.13	-13.81	0.25	0.16	1.46	7.73	4.74	-1.04	0.16	0.0	-2.25	-0.0	2.5775	4.7335
4G0N_A_B	RB59A,NB64D	1.73	-7.13	-8.45	-10.66	-3.93	14.93	-12.99	0.18	0.14	1.56	6.66	5.78	-0.83	0.16	0.0	-1.6	-0.0	3.41952	1.68952
4GNK_A_B	KA311A,LB876A	-0.0201	-7.3	-12.02	-27.63	-7.69	36.47	-37.4	3.38	0.23	5.63	13.23	5.79	-3.55	-0.13	0.0	-0.89	0.6	-1.55209	-1.53199
4J2L_A_CD	VA591A,SA602D	0.3114	-7.64	-3.69	-23.88	-0.14	19.25	-38.11	3.3	1.25	3.95	10.34	2.57	-1.67	0.0	0.0	-0.07	-0.0	2.26555	1.95415
4J2L_A_CD	VA591A,LA686E	1.9452	-7.57	-3.66	-22.95	-0.06	19.14	-36.07	2.68	0.85	3.33	10.12	2.54	-1.84	0.0	0.0	-0.02	-0.0	0.43663	-1.50857
4J2L_A_CD	SA602D,LA686E	2.1211	-7.6	-3.66	-22.98	0.05	19.3	-36.27	2.9	0.86	3.27	10.1	2.69	-1.99	0.0	0.0	-0.06	-0.0	0.69666	-1.42444
4K71_A_BC	GA505E,AA547V	6.6599	-5.96	-16.99	-28.86	-4.66	41.83	-35.67	6.95	0.23	5.74	15.35	5.95	-7.82	-0.67	0.0	-0.5	0.03	2.84793	-3.81197
4L3E_ABC_DE	RA65A,YE51A	2.5618	-1.49	-3.78	-17.45	-3.87	22.1	-22.63	0.45	0.13	3.46	9.38	3.07	-5.08	0.22	-0.0	-0.77	0.0	3.80738	1.24558
4L3E_ABC_DE	RA65A,YD26A	3.8293	-1.45	-3.66	-16.72	-3.68	20.63	-21.98	0.39	0.13	2.89	9.52	3.1	-4.17	0.22	-0.0	-0.78	0.0	4.43851	0.60921
4L3E_ABC_DE	YD26A,RA65A	3.8261	-1.45	-3.66	-16.74	-3.69	20.64	-22.02	0.39	0.13	2.91	9.62	3.09	-4.17	0.23	-0.0	-0.8	0.0	4.36877	0.54267
4L3E_ABC_DE	YD50A,QA155A	1.8736	-3.01	-5.13	-17.32	-3.69	23.19	-21.7	0.26	0.14	3.36	9.25	3.1	-5.18	0.21	-0.0	-0.51	0.0	1.08997	-0.78363
4L3E_ABC_DE	ND52A,EA166A	-0.1084	-3.0	-5.93	-18.7	-3.97	24.66	-23.6	0.48	0.15	3.54	9.73	2.96	-4.92	0.24	-0.0	-0.47	0.0	1.09113	1.19953
4NKQ_C_AB	RB170D,KB195D	0.783	-5.98	-9.16	-11.41	-1.91	18.06	-12.46	0.29	0.27	2.51	10.01	3.81	-2.6	0.2	0.0	0.15	0.08	1.3131	0.5301
4NKQ_C_AB	DC112K,RB170D	1.4113	-6.05	-9.22	-11.97	-2.02	19.13	-13.2	0.28	0.28	2.5	10.82	3.9	-2.09	0.18	0.0	-0.13	0.08	0.1764	-1.2349
4NKQ_C_AB	DC112K,DB192R	0.3473	-5.86	-9.0	-12.38	-1.68	19.03	-13.37	0.31	0.32	2.51	10.29	3.74	-2.54	0.18	0.0	-0.19	0.08	0.8149	0.4676
4NKQ_C_AB	DC112K,KB195D	-1.5157	-5.74	-8.9	-12.75	-3.38	19.26	-14.1	0.28	0.3	2.49	10.66	4.06	-2.27	0.21	0.0	-0.65	0.08	-0.5017	1.014
4RA0_A_C	AC92V,RC127G	0.8517	-10.35	-13.4	-19.91	-4.61	27.79	-25.04	0.86	0.18	1.29	15.16	8.33	-3.04	0.15	-0.0	-2.4	0.0	0.9531	0.1014
4RS1_A_B	LA115A,FA119A	2.6323	-8.37	-7.72	-17.19	-4.21	26.16	-20.96	0.81	0.35	5.26	11.77	5.76	-3.75	-0.22	0.04	-1.45	0.0	4.12084	1.48854
4RS1_A_B	EA45K,DA48K	1.3903	-7.49	-9.04	-21.55	-5.38	32.21	-27.04	0.95	0.41	5.76	16.1	5.27	-3.63	-0.22	0.04	-0.86	0.0	4.12084	2.73054
4RS1_A_B	EA45K,DA112K	1.2816	-7.98	-7.35	-19.59	-3.48	27.22	-25.04	0.85	0.39	5.37	13.3	5.91	-3.69	-0.17	0.04	-0.75	0.0	4.12084	2.83924
4RS1_A_B	DA48K,DA112K	2.4225	-7.14	-5.98	-20.81	-4.45	29.42	-26.4	0.97	0.41	5.63	13.4	5.74	-3.22	-0.18	0.04	-1.0	0.0	4.12084	1.69834
5E9D_AB_CDE	GD28E,TD91Q	0.2897	-8.06	-8.81	-27.15	-3.56	38.24	-37.79	1.29	0.19	2.96	11.17	4.09	-4.91	-0.36	0.0	-0.02	0.09	-1.54992	-1.83962
5E9D_AB_CDE	GD28E,VE50D	0.002	-8.16	-8.91	-27.15	-3.6	38.25	-37.79	1.3	0.19	2.96	11.23	4.09	-4.98	-0.37	0.0	-0.08	0.09	-1.20182	-1.20382
5E9D_AB_CDE	GD28E,AE99Y	-0.428	-8.41	-8.32	-26.53	-2.69	35.83	-37.27	1.27	0.17	2.82	10.97	4.07	-5.15	-0.35	0.0	-0.01	0.09	-1.30982	-0.88182
5E9D_AB_CDE	TD91Q,AE99Y	-1.0248	-8.22	-8.21	-26.49	-2.44	35.52	-37.27	1.28	0.17	2.81	10.34	3.56	-5.12	-0.14	0.0	0.03	0.09	-1.27162	-0.24682
5M2O_A_B	VB43A,QB47A	4.432	-4.83	-11.39	-16.94	-2.48	23.09	-22.42	0.47	0.15	3.86	10.81	2.36	-2.5	0.29	0.0	-0.01	0.44	3.42716	-1.00484
5M2O_A_B	NA75A,HA121A	7.1351	-4.27	-8.59	-17.01	-0.49	21.36	-23.64	0.56	0.15	3.13	11.74	1.89	-2.14	-0.13	0.0	0.31	0.0	2.36232	-4.77278
5M2O_A_B	NA75A,NA124A	3.5185	-5.23	-10.21	-17.59	-2.44	23.5	-24.17	0.55	0.19	3.26	11.13	2.36	-2.71	0.29	0.0	-0.0	0.44	2.54067	-0.97783
5M2O_A_B	NA75A,EA84A	4.64	-5.11	-8.77	-17.55	-1.51	22.55	-24.13	0.5	0.19	3.47	10.22	2.16	-2.16	0.2	0.0	0.19	0.44	1.0629	-3.5771
5M2O_A_B	EA84A,NA124A	2.3932	-5.52	-9.44	-17.62	-1.54	22.21	-24.11	0.45	0.19	3.49	9.75	2.16	-2.37	0.21	0.0	0.18	0.44	1.2509	-1.1423
5M2O_A_B	HA121A,NA124A	4.9547	-4.79	-9.32	-17.08	-0.56	21.06	-23.63	0.57	0.15	3.13	11.28	1.91	-2.21	-0.12	0.0	0.29	0.0	2.41621	-2.53849
5XCO_A_B	DA12C,PB6A	2.1704	-4.99	-13.06	-14.81	-5.03	18.27	-18.98	1.11	0.07	2.34	9.04	3.42	-0.94	0.34	0.0	-0.87	0.03	2.40877	0.23837
5XCO_A_B	DA12C,LB7A	3.7568	-5.08	-12.92	-13.89	-4.86	17.62	-17.29	1.1	0.07	2.18	8.27	3.54	-0.85	0.34	0.0	-0.87	0.03	2.79599	-0.96081
5XCO_A_B	DA12C,YB8A	1.1885	-5.12	-13.03	-14.45	-4.98	17.18	-18.93	1.04	0.07	2.08	8.9	3.3	-0.85	0.34	0.0	-0.87	0.03	2.61769	1.42919
5XCO_A_B	DA12C,IB9A	3.306	-5.05	-12.98	-14.39	-4.96	18.28	-17.92	1.15	0.08	2.11	8.68	3.6	-1.24	0.34	0.0	-0.87	0.03	2.79599	-0.51001
5XCO_A_B	DA12C,SB10A	1.2662	-5.43	-11.07	-15.4	-5.08	18.5	-20.39	0.95	0.08	2.22	8.89	2.86	-0.7	0.34	0.0	-0.87	0.03	2.46313	1.19693
5XCO_A_B	DA12C,YB11A	2.8762	-4.6	-10.53	-13.33	-4.78	15.83	-17.64	0.31	0.08	1.48	7.8	2.91	-1.24	0.34	0.0	-0.88	0.03	2.79599	-0.08021
5XCO_A_B	DA12C,DB12A	4.5784	-5.21	-10.06	-14.99	-2.41	16.77	-20.07	1.12	0.07	2.15	9.34	3.23	-1.38	0.22	0.0	-0.64	0.03	2.79599	-1.78241
5XCO_A_B	DA12C,PB13A	0.4719	-5.14	-12.92	-15.32	-4.96	18.14	-20.05	1.13	0.08	2.31	9.18	3.24	-0.97	0.34	0.0	-0.87	0.03	1.74672	1.27482
5XCO_A_B	DA12C,VB14A	1.1543	-5.05	-12.85	-15.1	-4.91	18.02	-19.78	1.12	0.07	2.12	9.14	3.3	-0.87	0.34	0.0	-0.87	0.03	0.8595	-0.2948
5XCO_A_B	DA12G,PB6A	1.9866	-4.99	-13.06	-14.92	-5.02	18.34	-19.16	1.13	0.07	2.34	9.04	3.46	-0.96	0.34	0.0	-0.87	0.03	2.45265	0.46605
5XCO_A_B	DA12G,LB7A	3.5682	-5.15	-12.93	-13.92	-4.9	17.66	-17.3	1.1	0.08	2.19	8.3	3.27	-0.7	0.34	0.0	-0.87	0.03	2.79599	-0.77221
5XCO_A_B	DA12G,YB8A	1.1349	-5.12	-13.06	-14.5	-4.98	17.21	-19.01	1.05	0.07	2.08	8.94	3.32	-0.86	0.34	0.0	-0.87	0.03	2.74014	1.60524
5XCO_A_B	DA12G,IB9A	3.4556	-5.05	-13.01	-14.35	-5.0	18.24	-17.85	1.0	0.08	2.12	8.77	3.43	-0.87	0.34	0.0	-0.87	0.03	2.79599	-0.65961
5XCO_A_B	DA12G,SB10A	1.3511	-5.43	-11.12	-15.37	-5.08	18.47	-20.33	0.94	0.08	2.22	8.86	2.89	-0.61	0.34	0.0	-0.87	0.03	2.79004	1.43894
5XCO_A_B	DA12G,YB11A	3.0678	-4.3	-11.1	-13.5	-4.83	16.04	-17.88	0.31	0.08	1.5	7.84	3.5	-1.11	0.34	0.0	-0.91	0.03	2.79599	-0.27181
5XCO_A_B	DA12G,DB12A	4.6299	-5.2	-10.03	-15.02	-2.42	16.79	-20.09	1.08	0.06	2.16	9.38	3.29	-1.38	0.22	0.0	-0.64	0.03	2.79599	-1.83391
5XCO_A_B	DA12G,PB13A	0.5355	-5.13	-12.92	-15.33	-4.96	18.15	-20.07	1.13	0.08	2.31	9.25	3.25	-0.97	0.34	0.0	-0.87	0.03	2.12127	1.58577
5XCO_A_B	DA12G,VB14A	1.1096	-5.06	-12.93	-15.11	-4.91	18.02	-19.78	1.12	0.07	2.12	9.18	3.3	-0.87	0.34	0.0	-0.87	0.03	1.32217	0.21257
1A22_A_B	YA42A,QA46A	0.9258	-5.08	-12.62	-23.96	-7.15	35.61	-28.66	1.92	0.45	3.97	10.24	5.78	-6.11	0.09	0.0	-1.5	0.12	0.2897	-0.6360999999999999
1AO7_ABC_DE	QD30L,LC1A	-0.5607	-3.83	-6.18	-15.7	-1.83	19.92	-20.49	0.67	0.06	4.55	7.48	2.39	-2.56	-0.15	0.0	-0.07	-0.0	2.891965	3.452665
1AO7_ABC_DE	YD50A,QA155A	2.4708	-3.98	-6.16	-15.39	-1.83	20.5	-19.64	0.69	0.06	4.56	7.73	3.14	-2.2	-0.14	0.0	-0.05	-0.0	0.081965	-2.3888350000000003
1AO7_ABC_DE	RE95A,YC5A	3.928	-4.5	-5.63	-13.89	-2.08	19.07	-17.79	0.5	0.05	3.38	8.28	3.39	-2.86	-0.17	0.0	-0.17	-0.0	1.59425	-2.33375
1AO7_ABC_DE	PE103A,YC5A	4.2406	-4.5	-5.63	-13.74	-2.02	18.99	-17.56	0.56	0.05	3.63	8.06	3.17	-2.66	-0.15	0.0	-0.07	-0.0	2.25833	-1.98227
1CHO_EFG_I	TI17K,LI18R	3.1978	-7.94	-1.34	-16.55	-2.3	22.6	-19.25	0.9	0.29	3.93	6.38	4.56	-2.2	-0.03	0.0	-0.4	0.37	7.299865	4.1020650000000005
1CHO_EFG_I	TI17R,LI18R	3.5591	-7.89	-1.35	-16.52	-2.4	22.91	-18.78	0.81	0.28	3.92	6.19	4.5	-2.27	-0.03	0.0	-0.37	0.37	7.11362	3.55452
1CHO_EFG_I	AI15R,LI18R	4.0848	-8.56	-1.98	-17.5	-2.32	24.36	-19.56	1.1	0.61	4.39	7.16	5.09	-2.47	-0.03	0.0	-0.31	0.37	4.8733	0.7885
1FSS_A_B	TB8V,TB9N	-1.0262	-5.59	-8.0	-19.76	-3.49	26.31	-25.84	1.49	0.39	4.48	9.53	8.69	-4.72	-0.03	0.0	-1.32	0.02	0.35775	1.38395
1JTG_A_B	NA100A,RB160A	1.0598	-4.17	-13.46	-21.3	-3.92	29.98	-26.75	2.23	0.26	1.98	8.4	2.06	-3.96	-0.03	0.0	-0.21	0.07	1.57604	0.51624
1LFD_A_B	MA30K,DA58K	1.5612	-6.67	-8.29	-11.52	-2.85	18.59	-13.88	0.4	0.07	1.26	7.48	3.84	-1.97	0.09	0.0	-1.06	0.0	-0.6253150000000001	-2.186515
1LFD_A_B	MA30K,DA94K	0.75	-6.73	-8.56	-12.05	-3.62	19.28	-14.44	0.39	0.07	1.31	8.26	3.82	-1.92	0.12	0.0	-1.21	0.0	-0.653675	-1.403675
1LFD_A_B	DA58K,DA94K	-0.3383	-6.95	-8.52	-12.59	-3.62	19.64	-15.27	0.41	0.08	1.51	8.42	3.73	-1.88	0.12	0.0	-1.25	0.0	-0.65233	-0.31403
1LFD_A_B	NA27A,RB241A	1.5381	-6.92	-8.29	-11.94	-2.75	18.64	-14.75	0.43	0.07	1.43	7.9	4.4	-1.66	0.09	0.0	-1.04	0.0	1.5473750000000002	0.0092750000000001
1LFD_A_B	NA29A,RB241A	2.178	-7.41	-6.36	-11.76	-3.25	18.78	-14.62	0.42	0.08	1.37	8.06	4.41	-2.48	0.1	0.0	-1.13	0.0	1.09834	-1.07966
1MHP_HL_A	TH50V,KH64E	0.4047	-2.82	-10.28	-16.55	-1.34	26.67	-17.09	2.01	0.95	4.1	5.76	3.51	-2.9	0.16	-0.0	-0.46	0.5	-0.1805	-0.5851999999999999
1R0R_E_I	TI17R,LI18R	1.0675	-9.12	-0.93	-15.37	-1.17	20.98	-18.12	3.47	0.29	2.87	2.86	6.47	-2.89	0.19	-0.0	0.01	0.35	6.40569	5.33819
1R0R_E_I	AI15R,LI18R	5.12275	-9.59	-1.38	-17.55	-0.25	24.61	-20.14	5.94	0.52	3.09	4.33	6.74	-2.9	0.4	-0.0	0.0	0.35	7.630325	2.507575
3MZG_A_B	HA180A,HB188A	3.4964	-3.25	-9.68	-21.12	-5.15	30.95	-26.82	0.5	0.26	6.74	10.07	5.82	-3.7	-0.01	0.0	-0.82	0.01	2.652993333333333	-0.8434066666666671
3SGB_E_I	AI15R,LI18R	0.9934	-9.18	-3.29	-14.68	-0.48	20.58	-16.89	3.24	0.11	3.25	4.03	5.8	-1.88	-0.03	0.0	0.0	0.34	5.07687	4.083469999999999
4FTV_ABC_DE	DD99A,RA65A	2.28	-3.84	-7.55	-17.88	-2.49	22.78	-23.31	0.33	0.38	5.7	8.27	3.43	-3.0	0.04	-0.0	-0.03	-0.0	1.16338	-1.1166199999999995
5M2O_A_B	EA84A,HA121A	5.8408	-4.7	-7.94	-17.09	0.48	20.28	-23.59	0.6	0.16	3.37	10.35	1.73	-2.14	-0.21	0.0	0.5	0.0	2.6135200000000003	-3.2272799999999995
