system	mutation	ddG_foldx	BackHbond	SideHbond	Energy_VdW	Electro	Energy_SolvP	Energy_SolvH	Energy_vdwclash	energy_torsion	backbone_vdwclash	Entropy_sidec	Entropy_mainc	water bonds	helix dipole	cis_bond	kn electrostatic	Energy_Ionisation	exp_ddG	diff
1A22_A_B	YA42A	0.7679	-4.47	-10.92	-23.48	-6.66	33.94	-28.17	0.95	0.41	4.19	8.38	5.91	-5.91	0.14	0.0	-1.37	0.11	0.1993	-0.5686
1A22_A_B	QA46A	0.0355	-5.15	-12.44	-25.03	-6.69	35.99	-30.11	2.96	0.5	4.25	9.52	5.91	-6.21	0.12	0.0	-1.34	0.11	0.108	0.0725
1A4Y_A_B	YA434A	2.1118	-2.02	-18.18	-18.49	-9.07	28.54	-20.83	1.61	0.53	1.5	12.4	3.59	-5.25	-0.06	0.0	-2.98	0.2	3.2603	1.1485
1A4Y_A_B	DA435A	2.1435	-2.08	-17.55	-19.51	-6.69	26.99	-22.56	1.57	0.49	1.62	12.53	3.68	-4.3	-0.16	0.0	-2.44	0.06	3.4837	1.3402
1A4Y_A_B	YA437A	3.3816	-2.71	-16.69	-18.84	-7.97	27.91	-21.19	1.42	0.48	1.65	11.87	4.05	-4.57	-0.06	0.0	-2.47	0.03	0.8358	-2.5458
1A4Y_A_B	RB5A	5.087	-1.49	-16.96	-18.07	-6.32	26.13	-21.37	1.58	0.42	1.62	12.0	3.65	-4.53	-0.03	0.0	-2.22	0.2	2.3081	-2.7789
1A4Y_A_B	YA434F	0.8396	-2.02	-17.72	-19.69	-9.09	28.83	-22.82	2.56	0.55	1.56	12.3	3.58	-4.92	-0.06	0.0	-2.99	0.2	0.5575	-0.2821
1A4Y_A_B	KB40G	3.2402	-2.12	-17.36	-19.14	-7.34	27.89	-21.65	1.5	0.53	1.65	12.64	3.98	-5.23	-0.06	0.0	-2.62	0.1	3.2351	-0.0051
1AO7_ABC_DE	DD26A	1.0515	-4.61	-6.84	-16.04	-1.95	20.9	-20.36	0.67	0.07	4.51	8.71	3.07	-2.24	0.07	0.0	-0.14	-0.0	0.97851	-0.07299
1AO7_ABC_DE	YA159A	0.882	-3.88	-6.2	-16.07	-1.94	21.51	-20.29	0.67	0.07	4.62	7.87	2.04	-2.42	-0.15	0.0	-0.07	-0.0	3.24371	2.36171
1AO7_ABC_DE	ND52A	-0.1986	-4.61	-6.83	-16.18	-1.92	21.32	-20.5	0.69	0.06	4.64	8.59	2.32	-2.66	-0.15	0.0	-0.07	-0.0	0.35474	0.55334
1AO7_ABC_DE	TD93A	0.8121	-4.51	-6.73	-16.06	-1.93	21.28	-20.34	0.63	0.07	4.49	8.74	3.22	-3.05	-0.16	0.0	-0.08	-0.0	0.95713	0.14503
1AO7_ABC_DE	TD98A	0.3242	-5.07	-6.33	-15.84	-0.4	20.24	-20.45	0.31	0.05	4.32	8.81	2.64	-3.22	-0.15	0.0	-0.01	-0.0	1.94568	1.62148
1AO7_ABC_DE	DD99N	0.6381	-4.63	-9.26	-16.4	0.19	20.94	-20.58	1.0	0.17	4.6	8.62	3.17	-2.46	-0.1	0.0	0.24	-0.0	2.45829	1.82019
1AO7_ABC_DE	WD101A	2.4661	-4.57	-6.83	-14.97	-1.93	20.78	-18.51	0.67	0.06	4.06	8.29	2.7	-2.72	-0.15	0.0	-0.09	-0.0	2.22335	-0.24275
1AO7_ABC_DE	EE30A	0.4711	-4.61	-5.59	-16.06	-1.77	21.02	-20.4	0.71	0.07	4.49	7.81	2.42	-2.65	-0.15	0.0	-0.06	-0.0	2.02113	1.55003
1AO7_ABC_DE	YC8A	1.8113	-4.73	-5.59	-15.09	-1.71	20.29	-18.94	0.64	0.06	4.46	7.68	2.38	-2.7	-0.15	0.0	-0.07	-0.0	3.16594	1.35464
1AO7_ABC_DE	DD99A	0.7356	-4.54	-7.23	-15.37	0.27	18.68	-20.15	0.31	0.06	3.91	8.13	2.83	-2.07	-0.1	0.0	0.17	-0.0	0.77923	0.04363
1AO7_ABC_DE	RE102A	0.2371	-4.61	-6.83	-15.84	-2.09	21.03	-20.04	0.66	0.06	4.51	8.51	2.58	-2.59	-0.12	0.0	-0.21	-0.0	0.06466	-0.17244
1AO7_ABC_DE	GD28I	-1.8226	-4.69	-6.96	-17.58	-2.06	22.51	-22.91	0.87	0.26	5.19	9.22	2.4	-2.41	-0.15	0.0	-0.07	-0.0	-0.27944	1.54316
1AO7_ABC_DE	GD28L	-2.5304	-4.72	-6.92	-17.94	-2.0	22.49	-23.67	1.0	0.51	5.29	9.39	2.37	-2.56	-0.15	0.0	-0.07	-0.0	-0.4666	2.0638
1AO7_ABC_DE	GD28M	-2.6805	-4.75	-6.93	-18.33	-2.0	22.7	-24.01	1.12	0.15	5.44	9.78	2.37	-2.3	-0.15	0.0	-0.07	-0.0	-0.51841	2.16209
1AO7_ABC_DE	SD100T	-0.6118	-4.66	-6.82	-16.47	-1.91	21.68	-21.03	0.69	0.16	4.72	8.49	2.3	-2.57	-0.15	0.0	-0.07	-0.0	-0.49324	0.11856
1AO7_ABC_DE	GE101A	-0.4991	-4.68	-6.83	-17.0	-1.92	22.21	-21.81	1.46	0.09	5.19	8.64	2.49	-2.67	-0.15	0.0	-0.07	-0.0	-1.09048	-0.59138
1AO7_ABC_DE	RE102Q	0.1313	-4.61	-6.83	-15.91	-2.11	21.09	-20.15	0.66	0.06	4.48	8.58	2.56	-2.61	-0.12	0.0	-0.21	-0.0	0.41045	0.27915
1AO7_ABC_DE	KD103P	-0.0288	-4.61	-6.86	-16.32	-2.0	21.49	-20.65	0.7	0.07	4.67	8.69	2.65	-2.67	-0.18	0.0	-0.1	-0.0	-0.26765	-0.23885
1AO7_ABC_DE	RE102P	-0.068	-4.61	-6.83	-16.06	-2.1	21.04	-20.48	0.91	0.07	4.55	8.59	2.46	-2.47	-0.12	0.0	-0.21	-0.0	-1.94071	-1.87271
1B41_A_B	TB8V	-0.7484	-6.8	-9.61	-21.94	-1.52	25.15	-29.89	3.65	0.93	4.48	6.55	6.11	-2.61	-0.06	0.0	-0.61	0.12	1.1359	1.8843
1B41_A_B	TB9I	-1.1423	-6.84	-10.68	-22.15	-1.5	25.62	-30.01	3.65	0.95	4.5	7.17	6.07	-2.67	-0.06	0.0	-0.59	0.12	0.0247	1.167
1B41_A_B	TB9N	0.6097	-6.75	-10.68	-21.33	-1.5	25.58	-28.07	3.65	0.93	4.33	6.36	5.94	-2.77	-0.06	0.0	-0.59	0.12	3.6092	2.9995
1BD2_ABC_DE	EE30A	2.2923	-4.62	-2.16	-15.08	-2.21	18.6	-19.16	2.35	0.5	6.48	6.05	2.3	-3.44	-0.43	-0.0	-0.54	0.0	2.83371	0.54141
1BD2_ABC_DE	YC8A	2.8314	-4.59	-2.16	-14.41	-2.18	17.94	-18.33	2.33	0.5	6.11	6.01	2.18	-3.52	-0.49	-0.0	-0.59	-0.0	2.75899	-0.07241
1BD2_ABC_DE	ED94A	-0.8556	-4.53	-5.19	-15.27	-1.65	18.72	-19.44	1.03	0.48	6.29	6.54	1.89	-3.01	-0.09	-0.0	-0.47	0.0	1.31503	2.17063
1BD2_ABC_DE	RA65A	0.1541	-3.32	-3.97	-13.71	-1.21	16.52	-18.16	1.05	0.3	5.33	4.81	1.7	-3.44	-0.39	-0.0	-0.18	0.0	2.49798	2.34388
1BJ1_HL_VW	TH28D	-0.0421	-8.12	-9.17	-21.07	0.29	27.88	-25.26	1.48	0.44	1.46	8.0	5.41	-1.44	-0.08	-0.0	-0.07	0.63	-0.22	-0.1779
1BJ1_HL_VW	NH31H	-0.0406	-8.2	-9.17	-21.52	0.35	27.69	-26.17	2.53	0.44	1.48	8.24	5.46	-1.4	-0.0	-0.0	-0.03	0.71	-0.7626	-0.722
1BJ1_HL_VW	HH101Y	-2.43	-8.14	-11.86	-21.5	0.02	27.82	-26.02	1.76	0.41	1.46	9.3	5.3	-1.12	-0.0	-0.0	-0.03	0.59	-1.5835	0.8465
1BJ1_HL_VW	SH105T	-0.0428	-8.13	-9.16	-21.08	0.34	27.76	-25.33	1.48	0.44	1.47	7.99	5.31	-1.29	-0.0	-0.0	-0.03	0.63	-0.3904	-0.3476
1BP3_A_B	RA64A	1.3081	-1.95	-10.31	-19.2	-0.84	25.36	-24.39	1.13	1.15	2.39	8.92	4.68	-5.3	-0.01	0.0	-0.19	0.15	0.354	-0.9541
1BP3_A_B	KA168A	1.1502	-1.1	-10.09	-18.98	-1.1	24.41	-24.01	1.13	1.19	2.32	8.04	4.43	-4.64	-0.01	0.0	-0.39	0.15	1.7272	0.577
1BP3_A_B	DA171A	1.2001	-1.99	-9.92	-19.01	-1.27	24.11	-24.25	2.18	0.78	2.44	9.42	4.48	-5.1	-0.01	0.0	-0.51	0.16	0.0677	-1.1324
1BRS_A_D	RA83Q	5.1474	-4.28	-9.31	-15.59	-3.47	25.88	-17.57	1.53	0.24	4.93	8.76	4.14	-4.64	-0.62	0.0	-0.16	0.12	5.4173	0.2699
1BRS_A_D	YD29F	-0.6397	-4.64	-10.41	-15.99	-5.42	26.43	-17.87	0.69	0.35	5.14	8.5	3.91	-5.14	-0.76	0.0	-0.52	0.12	-0.1321	0.5076
1BRS_A_D	YD29A	1.2641	-4.62	-10.19	-14.75	-5.4	25.39	-16.24	0.57	0.19	4.96	8.38	4.15	-5.14	-0.76	0.0	-0.52	0.1	3.4688	2.2047
1BRS_A_D	WD38F	-0.747	-5.05	-12.01	-16.17	-5.01	26.75	-17.94	1.61	0.25	5.21	8.74	4.12	-4.87	-0.78	0.0	-0.62	0.12	1.6418	2.3888
1BRS_A_D	TD42A	1.5502	-5.02	-9.22	-15.8	-4.72	25.12	-17.71	1.51	0.24	5.05	7.91	4.17	-3.98	-0.72	0.0	-0.45	0.12	1.8567	0.3065
1BRS_A_D	EA73Q	1.0387	-5.05	-10.78	-16.21	-6.05	26.6	-17.9	1.69	0.24	5.22	8.81	4.16	-3.0	-0.75	0.0	-0.94	0.12	1.4514	0.4127
1BRS_A_D	EA73W	0.9117	-5.05	-10.73	-16.09	-6.14	26.19	-17.87	1.8	0.24	5.06	8.68	4.12	-2.79	-0.73	0.0	-0.94	0.12	1.6564	0.7447
1BRS_A_D	EA73F	0.9395	-5.04	-10.79	-16.01	-6.23	26.2	-17.77	1.68	0.25	5.11	8.89	4.19	-2.97	-0.74	0.0	-0.94	0.12	2.2341	1.2946
1BRS_A_D	RA59K	1.2062	-4.99	-9.35	-14.86	-3.88	24.33	-17.08	1.54	0.18	5.08	6.68	4.23	-4.83	-0.86	0.0	-0.14	0.12	2.4869	1.2807
1BRS_A_D	HA102Q	2.3781	-4.39	-9.85	-15.74	-5.35	26.35	-17.43	1.53	0.26	4.98	9.21	4.12	-5.16	-0.76	0.0	-0.52	0.0	4.5483	2.1702
1C1Y_A_B	NB64D	0.3021	-4.67	-7.67	-11.52	-5.4	16.67	-13.85	0.19	0.09	1.11	7.26	5.32	-1.46	0.32	0.0	-1.8	0.0	1.47555	1.17345
1C1Y_A_B	RB59A	2.5222	-4.59	-5.84	-10.82	-2.61	14.64	-13.26	0.18	0.11	1.12	4.72	5.49	-1.44	0.25	0.0	-1.11	0.0	1.90607	-0.61613
1CHO_EFG_I	LI18R	3.3051	-7.92	-1.38	-16.21	-2.38	22.59	-18.44	0.81	0.27	3.93	5.33	4.64	-2.03	-0.03	0.0	-0.45	0.37	3.9508	0.6457
1CHO_EFG_I	AI15T	1.2745	-7.86	-1.38	-15.59	-2.28	19.77	-19.73	1.07	1.21	3.89	5.11	4.46	-1.55	-0.03	0.0	-0.41	0.37	0.9556	-0.3189
1CHO_EFG_I	AI15D	0.9753	-7.86	-1.37	-15.18	-2.47	19.6	-19.08	0.8	0.65	3.9	4.92	4.42	-1.33	-0.03	0.0	-0.57	0.37	0.0	-0.9753
1CHO_EFG_I	AI15R	0.0984	-8.78	-2.22	-16.24	-2.17	20.48	-20.17	0.82	0.67	4.28	6.34	4.99	-1.79	-0.03	0.0	-0.29	0.37	0.462	0.3636
1CHO_EFG_I	TI17P	-0.296	-7.87	-1.34	-14.61	-2.22	17.88	-18.68	0.75	0.19	3.91	4.51	4.3	-1.26	-0.03	0.0	-0.4	0.37	4.1743	4.4703
1CHO_EFG_I	TI17K	-0.1097	-7.83	-1.34	-15.54	-2.27	19.18	-20.07	0.81	0.28	3.91	5.54	4.52	-1.47	-0.03	0.0	-0.36	0.37	4.0355	4.1452
1CHO_EFG_I	TI17R	0.0839	-7.84	-1.34	-15.6	-2.21	19.24	-19.78	0.79	0.28	3.91	5.32	4.46	-1.36	-0.03	0.0	-0.33	0.37	3.83	3.7461
1CHO_EFG_I	YI20Q	0.8332	-7.79	-2.57	-14.88	-2.28	19.19	-18.48	0.82	0.25	3.96	5.69	4.69	-1.87	-0.03	0.0	-0.41	0.39	3.1106	2.2774
1CHO_EFG_I	GI32D	3.282	-7.83	-1.39	-15.85	-2.45	21.09	-20.12	4.25	0.38	3.89	4.53	4.28	-1.72	-0.03	0.0	-0.33	0.37	3.0657	-0.2163
1CHO_EFG_I	NI28S	0.0	-7.83	-1.38	-15.07	-2.28	18.74	-19.19	0.8	0.25	3.91	4.5	4.73	-1.32	-0.03	0.0	-0.41	0.37	0.0	0.0
1DAN_HL_UT	TT60A	0.8067	-8.3	-21.05	-27.69	-5.11	37.04	-35.43	6.01	1.29	4.65	19.64	7.06	-9.08	-0.46	0.09	-0.85	0.0	2.3125	1.5058
1DAN_HL_UT	QU110A	1.1806	-8.27	-20.36	-26.91	-4.89	35.78	-34.64	5.97	1.25	4.48	18.81	7.4	-9.51	-0.46	0.09	-0.73	0.0	1.30478	0.12418
1DAN_HL_UT	DT61A	-0.4157	-8.69	-21.69	-27.5	-5.38	36.45	-35.26	5.99	1.29	4.49	19.76	7.02	-8.63	-0.41	0.09	-1.1	0.0	0.2419	0.6576
1DAN_HL_UT	ET62A	0.9072	-8.24	-20.95	-27.65	-4.9	37.08	-35.3	6.0	1.2	4.56	19.67	7.0	-9.35	-0.46	0.09	-0.92	0.0	0.0	-0.9072
1DAN_HL_UT	QT69A	-0.013	-8.24	-21.21	-27.66	-4.98	37.09	-35.31	6.0	1.25	4.56	19.72	7.0	-10.1	-0.46	0.09	-0.85	0.0	0.0	0.013
1DAN_HL_UT	NU107A	0.0033	-8.24	-21.21	-27.65	-4.97	37.08	-35.31	5.99	1.25	4.55	19.72	6.99	-10.1	-0.46	0.09	-0.85	0.0	0.0	-0.0033
1DAN_HL_UT	RU196A	0.003	-8.24	-21.21	-27.66	-4.97	37.09	-35.31	6.0	1.25	4.56	19.72	7.0	-10.1	-0.46	0.09	-0.85	0.0	0.4603	0.4573
1DAN_HL_UT	TU197A	0.0	-8.24	-21.21	-27.66	-4.97	37.09	-35.31	6.0	1.25	4.56	19.72	7.0	-10.1	-0.46	0.09	-0.85	0.0	0.1097	0.1097
1DAN_HL_UT	VU198A	0.0	-8.24	-21.21	-27.66	-4.97	37.09	-35.31	6.0	1.25	4.56	19.72	7.0	-10.1	-0.46	0.09	-0.85	0.0	0.1097	0.1097
1DAN_HL_UT	SU195A	0.0	-8.24	-21.21	-27.66	-4.97	37.09	-35.31	6.0	1.25	4.56	19.72	7.0	-10.1	-0.46	0.09	-0.85	0.0	-0.0029	-0.0029
1DAN_HL_UT	KT68A	0.0	-8.24	-21.21	-27.66	-4.97	37.09	-35.31	6.0	1.25	4.56	19.72	7.0	-10.1	-0.46	0.09	-0.85	0.0	-0.0703	-0.0703
1DAN_HL_UT	DT58A	3.1121	-7.95	-20.43	-27.32	-4.45	35.57	-35.22	6.01	1.2	4.55	20.56	7.24	-8.38	-0.46	0.09	-0.99	0.0	1.98851	-1.12359
1DAN_HL_UT	KT41A	-0.0663	-8.24	-21.21	-27.65	-4.99	37.09	-35.3	6.0	1.25	4.54	19.73	6.95	-10.1	-0.46	0.09	-0.87	0.0	0.3214	0.3877
1DQJ_AB_C	WC62A	0.1011	-6.25	-14.47	-17.01	-0.78	27.84	-17.14	3.31	0.42	4.13	7.04	3.28	-3.56	-0.03	0.0	-0.27	0.02	0.758	0.6569
1DQJ_AB_C	LC75A	1.437	-5.6	-13.83	-16.54	-0.92	27.04	-16.5	2.97	0.34	3.98	6.86	3.51	-3.3	-0.03	0.0	-0.27	0.02	1.4523	0.0153
1DQJ_AB_C	KC96A	0.8566	-5.65	-11.9	-16.85	-1.32	25.86	-17.48	3.29	0.42	4.36	6.92	3.8	-3.64	-0.03	0.0	-0.28	0.02	6.15546	5.29886
1DQJ_AB_C	SC100A	-0.6552	-5.65	-13.78	-17.28	-0.91	27.18	-18.19	3.33	0.43	4.28	6.95	3.28	-3.41	-0.03	0.0	-0.27	0.02	0.7755	1.4307
1DQJ_AB_C	NA32A	0.8489	-5.48	-13.01	-17.19	-0.88	27.44	-17.86	3.35	0.42	4.35	7.25	3.23	-3.83	-0.03	0.0	-0.27	0.02	4.09044	3.24154
1DQJ_AB_C	SA91A	0.0462	-5.65	-13.83	-17.32	-0.91	27.51	-17.9	3.33	0.43	4.21	6.86	3.28	-3.16	-0.03	0.0	-0.27	0.02	1.4318	1.3856
1DQJ_AB_C	YA96A	-0.3617	-6.83	-13.21	-17.0	-1.28	27.43	-17.45	3.31	0.42	4.31	6.71	3.22	-3.09	-0.03	0.0	-0.28	0.02	1.135	1.4967
1DQJ_AB_C	DB32A	0.313	-5.64	-13.04	-16.72	-0.01	25.27	-17.35	2.92	0.38	4.02	6.83	3.56	-3.48	-0.09	0.0	-0.02	0.02	2.01331	1.70031
1DQJ_AB_C	YB53A	1.0644	-5.68	-13.83	-16.15	-0.22	26.7	-16.02	1.64	0.31	4.11	7.07	3.35	-3.5	-0.03	0.0	-0.27	0.02	1.1802	0.1158
1DQJ_AB_C	WB98A	2.0562	-5.62	-13.61	-16.28	-0.85	26.77	-16.42	3.34	0.43	4.06	6.87	3.29	-3.27	-0.03	0.0	-0.27	0.02	4.93124	2.87504
1EMV_A_B	FB86A	3.842	-5.53	-10.89	-13.23	-3.12	20.15	-15.48	0.53	0.11	3.6	6.87	0.78	-2.83	-0.52	0.0	-1.09	-0.0	3.8787	0.0367
1EMV_A_B	LA33A	0.7764	-5.59	-11.26	-14.54	-3.07	20.69	-17.57	0.61	0.14	3.88	7.05	0.75	-2.9	-0.52	0.0	-1.09	-0.0	3.4175	2.6411
1EMV_A_B	VA34A	1.2445	-5.52	-10.95	-14.36	-3.05	20.36	-17.32	0.63	0.11	3.83	6.88	0.67	-2.69	-0.52	0.0	-1.09	-0.0	2.5781	1.3336
1EMV_A_B	VA37A	1.0234	-5.6	-10.92	-14.62	-2.99	20.48	-17.81	0.63	0.11	3.88	7.3	0.75	-2.79	-0.52	0.0	-1.09	-0.0	1.6638	0.6404
1EMV_A_B	YA54A	2.5837	-5.45	-10.78	-13.46	-3.12	19.53	-16.55	0.5	0.1	3.84	7.33	0.94	-2.91	-0.53	0.0	-1.09	-0.0	4.8344	2.2507
1EMV_A_B	YA55A	2.7841	-4.95	-10.28	-13.43	-3.02	19.22	-16.69	0.55	0.08	3.78	7.03	0.65	-2.85	-0.52	0.0	-1.09	-0.0	4.6345	1.8504
1FSS_A_B	TB9I	-1.033	-5.66	-8.0	-20.37	-3.49	27.02	-26.93	1.51	0.38	4.5	10.6	8.78	-4.85	-0.03	0.0	-1.32	0.02	-0.2322	0.8008
1GUA_A_B	RB59A	2.6619	-5.93	-8.01	-11.39	-3.52	15.9	-13.75	0.36	0.21	1.63	7.94	6.04	-1.43	0.38	0.0	-1.72	0.0	1.00034	-1.66156
1GUA_A_B	VB69A	1.7633	-6.04	-10.69	-12.16	-5.27	17.94	-14.03	0.36	0.21	1.57	10.33	6.61	-1.27	0.4	0.0	-2.23	0.0	0.10031	-1.66299
1GUA_A_B	EA37A	2.289	-5.97	-8.01	-11.34	-3.19	15.45	-13.73	0.36	0.21	1.58	7.12	6.22	-1.18	0.39	0.0	-1.61	0.0	1.30016	-0.98884
1JTG_A_B	GA238S	-0.1235	-5.11	-14.28	-22.25	-4.52	31.74	-27.36	2.22	0.38	2.27	9.74	2.4	-4.67	0.0	0.0	-0.56	0.07	-0.2677	-0.1442
1JTG_A_B	SA235A	1.2812	-4.92	-12.43	-22.24	-4.47	31.72	-27.5	2.14	0.3	2.27	9.76	2.41	-5.08	0.0	0.0	-0.56	0.07	1.23842	-0.04278
1JTG_A_B	VA103A	0.5151	-4.92	-14.22	-21.99	-4.49	31.53	-27.01	2.16	0.3	2.26	9.72	2.59	-4.74	0.0	0.0	-0.56	0.07	1.90977	1.39467
1JTG_A_B	EA168A	0.249	-4.16	-15.34	-21.82	-4.06	30.75	-27.26	2.19	0.29	2.07	9.79	2.14	-4.11	-0.01	0.0	-0.3	0.07	-0.0726	-0.3216
1JTG_A_B	EA168G	0.1236	-4.16	-16.08	-21.58	-4.05	30.59	-26.82	2.17	0.28	2.09	9.88	2.17	-4.13	-0.01	0.0	-0.29	0.07	-0.1703	-0.2939
1JTG_A_B	EA110V	0.6247	-4.91	-10.97	-21.98	-4.82	30.19	-27.54	2.14	0.29	2.26	8.33	2.55	-4.09	-0.02	0.0	-0.71	0.07	-0.672	-1.2967
1JTG_A_B	EA110G	1.9641	-4.81	-10.97	-21.4	-4.82	29.74	-26.62	2.15	0.3	2.28	8.32	2.58	-3.95	-0.02	0.0	-0.71	0.07	-0.9121	-2.8762
1JTG_A_B	EB73M	1.2192	-3.31	-12.66	-21.97	-5.38	30.22	-27.49	2.1	0.29	2.23	9.98	2.65	-4.48	0.1	0.0	-0.98	0.07	0.5061	-0.7131
1KNE_A_P	TP6K	-0.52842	-8.54	-7.16	-10.96	-0.95	18.47	-13.24	1.54	0.33	1.81	6.74	7.4	-0.7	0.24	0.0	-0.52	0.0	-0.31421	0.21421
1KNE_A_P	TP6I	-0.48502	-8.51	-7.16	-11.18	-0.94	18.85	-13.59	1.54	0.34	1.91	6.96	7.43	-0.77	0.21	0.0	-0.48	0.0	0.27394	0.75896
1KNE_A_P	TP6F	-0.97915	-8.57	-7.16	-11.51	-0.83	18.96	-13.98	1.55	0.32	1.92	6.93	7.48	-0.72	0.21	0.0	-0.48	0.0	0.09624	1.07539
1KNE_A_P	TP6L	-0.85466	-8.54	-7.16	-11.29	-0.92	18.84	-13.84	1.5	0.32	1.91	6.83	7.59	-0.75	0.21	0.0	-0.48	0.0	0.2042	1.05886
1KNE_A_P	AA25F	-0.70044	-8.57	-7.16	-11.21	-0.9	18.85	-13.49	1.5	0.35	1.86	7.04	7.18	-0.86	0.21	0.0	-0.48	0.0	-0.11497	0.58547
1KNE_A_P	AA25K	-0.48492	-8.57	-7.16	-10.95	-0.88	18.6	-13.15	1.48	0.35	1.85	6.87	7.14	-0.78	0.21	0.0	-0.46	0.0	0.8945	1.37942
1KNE_A_P	AA25L	-0.57179	-8.56	-7.16	-11.07	-0.96	18.82	-13.33	1.51	0.34	1.85	6.98	7.11	-0.79	0.21	0.0	-0.49	0.0	0.0	0.57179
1KNE_A_P	AA25T	-0.00457	-8.56	-7.16	-10.92	-0.96	18.93	-12.94	1.49	0.35	1.84	6.86	7.12	-0.77	0.21	0.0	-0.49	0.0	-0.3766	-0.37203
1KNE_A_P	DA62F	-0.47415	-7.75	-6.37	-10.5	-0.74	17.29	-12.6	1.47	0.33	1.84	5.62	6.61	-0.57	0.21	0.0	-0.32	0.0	-0.6167	-0.14255
1KNE_A_P	DA62I	-0.05779	-8.54	-7.16	-11.16	-0.79	18.94	-13.39	1.55	0.39	1.93	6.77	7.3	-0.66	0.21	0.0	-0.34	0.0	0.46052	0.51831
1KNE_A_P	DA62K	0.18312	-8.5	-7.16	-10.77	-0.74	18.54	-12.8	1.47	0.35	1.86	6.46	7.2	-0.62	0.21	0.0	-0.27	0.0	-0.3766	-0.55972
1KNE_A_P	DA62T	0.57604	-8.5	-7.16	-10.75	-0.8	18.68	-12.63	1.5	0.37	1.8	6.54	7.43	-0.81	0.21	0.0	-0.34	0.0	0.49169	-0.08435
1KNE_A_P	KA46A	0.15598	-8.44	-7.16	-10.71	-0.95	18.52	-12.68	1.47	0.34	1.78	6.63	7.35	-0.76	0.21	0.0	-0.5	0.0	-1.26725	-1.42323
1LFD_A_B	QB225A	0.756	-6.6	-7.93	-11.73	-2.94	18.13	-14.57	0.41	0.07	1.47	8.05	3.14	-1.61	0.09	0.0	-1.09	-0.0	0.90019	0.14419
1LFD_A_B	DB233A	0.0288	-5.68	-5.93	-11.67	-3.33	17.11	-14.48	0.4	0.07	1.17	5.29	3.32	-1.61	0.12	0.0	-0.93	0.0	1.10023	1.07143
1LFD_A_B	YA31A	1.9829	-6.71	-6.5	-11.34	-2.51	17.57	-13.94	0.26	0.05	1.45	7.15	3.78	-2.19	0.09	0.0	-1.05	0.0	3.59599	1.61309
1LFD_A_B	VB229A	0.0372	-6.95	-8.29	-12.46	-2.95	19.24	-15.2	0.41	0.08	1.51	8.1	3.73	-2.03	0.09	0.0	-1.09	0.0	0.4967	0.4595
1LFD_A_B	EB237A	1.4613	-6.83	-6.5	-12.08	-2.44	18.26	-14.9	0.27	0.06	1.5	7.21	3.91	-2.01	0.09	0.0	-0.91	0.0	1.19649	-0.26481
1LFD_A_B	EB263A	-0.2493	-6.95	-8.29	-12.5	-2.98	19.19	-15.29	0.41	0.08	1.51	8.05	3.69	-2.03	0.09	0.0	-1.07	0.0	0.29711	0.54641
1MAH_A_F	YA124Q	0.8241	-7.43	-9.65	-20.26	-1.96	25.14	-26.22	0.73	0.61	4.94	8.81	8.24	-3.45	-0.46	0.0	-0.98	0.05	3.0041	2.18
1MAH_A_F	YA72N	3.2448	-6.68	-9.0	-19.07	-1.94	24.11	-24.7	0.69	0.62	4.6	8.63	8.54	-4.24	-0.46	0.0	-0.98	0.05	5.2175	1.9727
1MAH_A_F	WA286R	0.7839	-7.89	-9.94	-19.71	-1.76	24.79	-25.22	0.67	0.6	4.87	8.6	8.36	-4.11	-0.46	0.0	-0.85	0.05	8.80887	8.02497
1MHP_HL_A	SH35A	-0.0606	-2.82	-9.83	-15.79	-1.3	26.06	-16.1	1.75	0.42	3.91	5.15	3.33	-2.88	0.1	-0.0	-0.31	0.38	1.57258	1.63318
1MLC_AB_E	NA32G	-0.1474	-1.64	-5.42	-13.46	-4.57	19.48	-14.18	1.84	0.5	2.5	4.28	4.28	-2.52	0.0	0.0	-0.57	0.0	-0.8774	-0.73
1MLC_AB_E	NA92A	-0.1955	-1.61	-5.42	-13.21	-4.57	18.84	-14.06	1.83	0.52	2.31	4.01	4.19	-1.99	0.0	0.0	-0.57	0.0	-1.2533	-1.0578
1MLC_AB_E	SB57V	-1.5076	-1.32	-5.08	-14.53	-4.59	20.14	-16.16	1.96	0.58	2.68	4.06	4.34	-2.18	0.0	0.0	-0.57	0.0	-0.4942	1.0134
1MLC_AB_E	TB58D	-0.369	-1.65	-5.42	-13.92	-4.86	20.09	-14.6	1.92	0.54	2.61	4.21	4.32	-2.12	0.0	0.0	-0.73	0.0	-0.5597	-0.1907
1PPF_E_I	LI18I	3.244	-7.19	-1.54	-13.93	0.12	16.41	-19.45	2.36	1.26	3.9	3.6	4.45	-0.86	-0.03	0.0	0.09	0.06	-0.7227	-3.9667
1PPF_E_I	LI18R	5.3409	-7.24	-1.51	-15.12	-1.27	20.68	-18.81	1.97	0.93	3.8	4.41	4.46	-0.89	-0.03	0.0	-0.17	0.06	7.08451	1.74361
1PPF_E_I	AI15T	0.3562	-7.14	-1.52	-14.71	0.16	16.98	-20.56	0.62	0.69	3.89	4.29	4.45	-0.89	-0.03	0.0	0.09	0.06	0.9494	0.5932
1PPF_E_I	AI15D	0.6029	-7.15	-1.52	-14.77	-0.94	18.27	-20.38	0.58	0.6	3.89	4.57	4.62	-0.91	-0.03	0.0	-0.25	0.06	1.1224	0.5195
1PPF_E_I	AI15R	-1.1609	-8.55	-2.97	-15.17	0.21	17.48	-20.86	0.72	0.92	4.23	5.23	4.76	-1.06	-0.03	0.0	0.21	0.06	-0.2605	0.9004
1PPF_E_I	YI20Q	3.0366	-7.18	-1.53	-14.0	0.14	16.87	-19.24	0.64	0.61	4.0	4.74	4.85	-0.85	-0.03	0.0	0.08	0.06	4.63166	1.59506
1PPF_E_I	GI32D	6.7967	-7.11	-1.94	-15.37	-0.64	19.12	-21.38	7.73	1.09	3.83	3.83	5.26	-1.68	-0.02	0.0	-0.04	0.06	2.4623	-4.3344
1R0R_E_I	LI18I	0.8184	-8.5	-0.56	-15.12	-0.77	19.07	-19.75	2.82	1.05	2.8	3.56	6.93	-2.27	-0.02	-0.0	-0.01	0.34	3.2087	2.3903
1R0R_E_I	LI18R	0.7671	-8.58	-0.6	-15.08	-0.69	20.01	-18.54	2.27	0.38	2.74	2.55	7.16	-2.61	0.06	-0.0	0.04	0.36	2.8945	2.1274
1R0R_E_I	AI15T	-0.7571	-9.1	-1.45	-16.17	-0.77	20.82	-20.88	2.92	1.03	2.91	4.12	6.67	-2.29	-0.02	-0.0	-0.01	0.34	1.2505	2.0076
1R0R_E_I	AI15D	2.2993	-8.61	-0.58	-16.07	-0.73	23.22	-20.27	2.6	0.34	2.9	4.14	6.95	-2.83	-0.29	-0.0	0.02	0.35	5.15566	2.85636
1R0R_E_I	AI15R	2.4397	-8.59	-0.87	-16.96	-0.69	22.87	-20.7	2.9	0.45	3.22	5.37	7.03	-3.2	0.47	-0.0	-0.02	0.34	5.4535	3.0138
1R0R_E_I	TI17K	-0.4003	-8.6	-2.09	-15.63	-1.35	20.85	-20.1	2.88	0.2	2.94	4.43	6.67	-2.11	0.1	-0.0	-0.03	0.34	1.9069	2.3072
1R0R_E_I	TI17R	-0.7571	-9.11	-0.95	-15.38	-1.11	19.72	-19.35	3.13	0.25	2.9	3.57	6.53	-2.53	0.12	-0.0	-0.04	0.34	3.2988	4.0559
1R0R_E_I	YI20Q	-0.1471	-8.54	-1.48	-14.79	-0.79	19.24	-18.91	1.6	0.36	2.76	4.2	6.87	-2.27	-0.02	-0.0	-0.01	0.34	4.44049	4.58759
1R0R_E_I	GI32D	0.3782	-8.52	-0.89	-15.67	-0.97	20.75	-20.14	2.88	0.43	3.02	3.48	7.05	-2.3	-0.02	-0.0	-0.08	0.34	2.8479	2.4697
1R0R_E_I	NI28S	0.0	-8.52	-0.88	-15.27	-0.77	19.4	-19.8	2.88	0.34	2.85	3.62	6.93	-2.28	-0.02	-0.0	-0.01	0.34	-0.0651	-0.0651
1TM1_E_I	TI58D	3.6316	-9.25	-1.59	-17.37	-1.78	24.35	-22.24	1.31	0.46	2.43	3.88	6.24	-2.79	-0.23	0.0	-0.15	0.37	2.098	-1.5336
1VFB_AB_C	DC18A	2.0739	-4.78	-10.8	-11.5	-0.99	18.63	-12.2	0.32	0.08	2.0	3.97	3.01	-1.8	-0.09	0.0	0.12	0.02	0.3401	-1.7338
1VFB_AB_C	SC24A	-0.6502	-5.03	-11.6	-11.52	-1.32	18.55	-12.56	0.35	0.04	1.94	3.46	2.85	-2.0	-0.09	0.0	0.13	0.02	0.85087	1.50107
1VFB_AB_C	KC116A	-0.2739	-4.78	-11.58	-11.06	-1.67	17.93	-11.61	0.36	0.08	1.77	3.08	2.67	-1.72	-0.09	0.0	0.02	0.02	0.7134	0.9873
1VFB_AB_C	TC118A	-0.1638	-4.78	-12.47	-11.58	-1.34	19.04	-12.18	0.37	0.08	1.86	3.92	2.78	-2.13	-0.09	0.0	0.13	0.02	0.765	0.9288
1VFB_AB_C	DC119A	1.5489	-4.93	-10.78	-11.55	-0.85	18.23	-12.36	0.39	0.08	2.2	4.44	2.85	-1.88	-0.09	0.0	-0.1	0.02	0.95299	-0.59591
1VFB_AB_C	VC120A	0.5726	-4.76	-12.36	-11.62	-1.31	19.25	-12.13	0.38	0.08	2.08	3.94	2.89	-1.92	-0.09	0.0	0.13	0.02	0.91686	0.34426
1VFB_AB_C	QC121A	3.9932	-3.68	-9.9	-10.25	-1.3	17.57	-10.93	0.31	0.08	2.05	3.3	2.78	-2.11	-0.09	0.0	0.13	0.02	2.8768	-1.1164
1VFB_AB_C	IC124A	0.6459	-4.8	-12.41	-11.59	-1.35	19.3	-12.08	0.38	0.08	2.2	3.95	2.9	-1.86	-0.09	0.0	0.13	0.02	1.23131	0.58541
1VFB_AB_C	RC125A	2.9155	-4.76	-12.25	-11.27	-0.65	18.78	-12.03	0.34	0.08	2.19	5.27	2.82	-1.7	-0.09	0.0	0.28	0.02	1.83675	-1.07875
1VFB_AB_C	LC129A	-0.0899	-4.78	-12.47	-11.69	-1.35	19.01	-12.35	0.38	0.08	2.0	4.0	2.83	-1.88	-0.09	0.0	0.13	0.01	0.1715	0.2614
1Z7X_W_X	YW434A	4.4002	-3.61	-20.54	-20.47	-9.64	35.55	-22.29	1.05	0.37	2.15	20.34	3.72	-7.88	-1.21	0.0	-3.91	0.05	5.9529	1.5527
1Z7X_W_X	DW435A	0.8548	-4.35	-20.45	-21.71	-8.8	35.36	-24.13	0.93	0.36	2.28	19.41	3.85	-7.78	-1.21	0.0	-3.54	0.05	3.6606	2.8058
1Z7X_W_X	YW437A	3.6721	-4.0	-19.14	-19.93	-9.83	35.24	-21.47	0.88	0.32	2.2	18.64	3.87	-8.74	-1.08	0.0	-3.99	0.04	2.6228	-1.0493
2C5D_A_C	GC32S	0.1233	-10.36	-12.05	-18.95	-3.62	25.51	-24.11	1.4	0.39	2.59	14.95	4.94	-3.46	0.0	0.0	-2.31	0.0	0.0989	-0.0244
2C5D_A_C	DC87G	0.8608	-10.34	-12.05	-18.9	-3.38	25.3	-24.11	1.31	0.38	2.54	14.96	5.36	-3.31	0.0	0.0	-2.13	0.0	-0.5036	-1.3644
2C5D_A_C	VC92A	0.7899	-10.35	-12.05	-19.03	-3.63	26.01	-23.89	1.33	0.39	2.62	15.04	4.87	-3.4	0.0	0.0	-2.29	0.0	-0.5991	-1.389
2C5D_A_C	GC127R	0.0	-10.36	-12.05	-18.96	-3.62	25.45	-24.13	1.31	0.38	2.59	14.94	4.87	-3.31	0.0	0.0	-2.31	0.0	-0.0183	-0.0183
2DVW_A_B	RA41A	4.0276	-3.52	-14.61	-19.94	-14.09	35.2	-22.38	1.06	0.34	3.84	9.89	1.28	-6.39	0.21	0.0	-3.04	0.0	0.91016	-3.11744
2DVW_A_B	KA116A	3.1373	-1.74	-15.34	-19.87	-15.5	34.11	-22.05	1.03	0.27	3.88	10.22	1.25	-6.55	0.26	0.0	-2.97	0.0	0.03419	-3.10311
2G2U_A_B	YB50A	1.8313	-4.14	-9.9	-18.27	-2.06	25.5	-23.2	0.67	0.58	4.66	6.55	1.85	-3.79	-0.12	0.24	-0.16	0.11	-2.07466	-3.90596
2G2U_A_B	EB73A	1.517	-2.64	-8.46	-18.75	-3.7	24.73	-24.31	0.84	0.53	4.51	6.66	1.88	-3.02	0.11	0.24	-0.66	0.12	-1.97846	-3.49546
2G2U_A_B	KB74A	1.2582	-4.22	-9.8	-18.97	-1.82	25.17	-24.52	0.98	0.56	4.68	6.82	1.97	-3.09	-0.15	0.24	0.01	0.12	-0.21722	-1.47542
2G2U_A_B	WB112A	1.0971	-4.55	-10.31	-17.98	-2.56	24.81	-22.97	0.75	0.56	4.58	6.45	2.05	-3.27	-0.08	0.24	-0.36	0.36	0.95826	-0.13884
2G2U_A_B	FB142A	2.6949	-4.46	-10.08	-17.28	-1.85	24.11	-21.95	0.88	0.27	3.29	6.29	2.12	-3.22	-0.12	0.03	-0.13	0.12	0.27569	-2.41921
2G2U_A_B	YB143A	0.6207	-4.07	-9.73	-19.02	-1.93	25.49	-24.52	0.92	0.56	4.72	6.72	1.85	-3.69	-0.12	0.24	-0.16	0.12	-1.8463	-2.467
2G2U_A_B	WB150A	1.5811	-3.66	-10.33	-18.35	-2.1	25.27	-23.47	0.93	0.55	3.9	6.62	2.25	-4.11	-0.12	0.24	-0.2	0.13	1.78433	0.20323
2G2U_A_B	SB130K	0.0435	-4.18	-9.87	-19.38	-3.0	26.32	-24.99	0.91	0.56	4.74	6.83	1.88	-2.93	-0.05	0.24	-0.37	0.12	-1.4687	-1.5122
2G2U_A_B	DA104A	0.5386	-4.12	-9.85	-18.95	-2.02	24.78	-24.58	0.96	0.5	4.67	6.7	1.8	-2.65	-0.12	0.24	-0.23	0.12	-1.54786	-2.08646
2J0T_A_D	VD4A	0.5208	-9.15	-4.02	-13.41	-2.13	21.28	-15.75	0.86	0.05	1.26	4.72	5.52	-1.54	0.11	0.0	-0.14	0.11	0.0	-0.5208
2J0T_A_D	VD4S	0.1257	-9.18	-5.26	-13.54	-2.13	21.7	-15.54	0.86	0.05	1.26	5.21	5.41	-1.54	0.11	0.0	-0.14	0.11	0.9819	0.8562
2J0T_A_D	TD2L	1.0188	-9.25	-2.14	-14.65	-2.15	22.01	-18.5	2.29	0.1	1.26	5.43	5.65	-1.84	0.11	0.0	-0.14	0.11	2.6808	1.662
2J0T_A_D	TD2S	0.916	-9.18	-3.96	-13.32	-2.09	21.42	-15.24	0.86	0.08	1.26	5.15	5.51	-2.38	0.11	0.0	-0.14	0.11	1.5936	0.6776
2KSO_A_B	RA56E	0.29342	-1.58	-8.51	-9.44	-7.17	19.11	-10.53	0.99	0.09	4.1	7.64	2.18	-0.87	0.02	0.0	-1.73	0.04	-0.66205	-0.95547
2KSO_A_B	HB47E	-0.0304	-1.58	-8.51	-9.31	-7.57	18.9	-10.39	0.99	0.09	4.15	8.16	2.08	-0.89	0.02	0.0	-2.09	0.04	-0.15536	-0.12496
2OOB_A_B	AA937E	1.4139	-2.94	-2.45	-8.56	-0.66	9.96	-13.09	0.32	0.16	2.12	5.47	1.54	-1.16	0.23	0.0	-0.39	0.07	3.1018	1.6879
2OOB_A_B	GA941S	-0.1891	-2.98	-2.45	-7.85	-0.44	7.7	-12.29	0.23	0.06	2.19	3.99	1.48	-0.58	0.24	0.0	-0.28	0.07	0.23525	0.42435
2PCC_A_B	DA34A	0.93033	-0.55	-3.66	-6.03	-1.58	8.29	-7.72	0.75	0.19	0.8	5.65	2.14	-2.49	-0.27	0.0	-1.02	0.0	-0.89659	-1.82692
2PCC_A_B	VA197A	1.11829	-0.53	-4.92	-6.05	-2.49	9.04	-7.25	0.98	0.23	0.8	5.92	2.43	-1.85	-0.26	0.0	-1.35	0.0	2.10163	0.98334
2PCC_A_B	EA290A	1.47271	-0.53	-3.26	-6.22	-1.92	8.93	-7.62	0.97	0.18	0.81	4.59	2.01	-1.66	-0.26	0.0	-0.94	0.0	6.19944	4.72673
2PCC_A_B	KB87A	0.24801	-0.53	-4.92	-6.54	-2.33	9.5	-8.01	0.98	0.23	0.81	5.87	2.04	-1.84	-0.24	0.0	-1.17	0.0	0.90142	0.65341
2PCC_A_B	KB72A	0.20244	-0.53	-4.92	-6.52	-2.34	9.47	-7.99	0.98	0.23	0.81	5.94	2.05	-1.9	-0.26	0.0	-1.22	0.0	0.30352	0.10108
2PCC_A_B	AB81G	0.65115	-0.53	-4.92	-6.26	-2.49	9.31	-7.5	0.98	0.21	0.77	6.03	2.09	-1.87	-0.26	0.0	-1.35	0.0	1.9009	1.24975
2WPT_A_B	NA34V	-0.7629	-6.82	-11.6	-15.06	-3.65	22.75	-18.15	0.34	0.34	4.33	10.25	2.44	-4.35	-0.47	0.0	-0.96	0.0	-0.8966	-0.1337
2WPT_A_B	RA38T	-0.2922	-7.46	-12.23	-15.39	-3.72	23.95	-17.93	0.59	0.39	4.39	10.48	2.7	-4.35	-0.47	0.0	-1.02	0.0	-1.0378	-0.7456
2WPT_A_B	VA37A	1.2191	-7.5	-12.19	-14.89	-3.55	23.84	-16.85	0.34	0.33	4.66	10.62	2.7	-4.35	-0.47	0.0	-0.96	0.0	3.8074	2.5883
3D3V_ABC_DE	YC8F	0.9141	-4.02	-8.56	-16.3	-3.47	21.84	-20.82	0.48	0.25	4.27	8.27	2.98	-3.02	-0.13	-0.0	-0.4	-0.0	0.92701	0.01291
3D3V_ABC_DE	LE98A	2.418	-3.91	-10.2	-15.25	-3.49	21.71	-18.52	0.45	0.24	4.1	7.94	3.37	-3.21	-0.12	-0.0	-0.41	-0.0	2.61585	0.19785
3HFM_HL_Y	NL31A	0.27884	-2.79	-8.94	-15.02	-0.22	22.95	-15.76	2.73	1.44	5.88	5.99	5.67	-3.57	0.0	0.0	-0.49	0.0	5.21386	4.93502
3HFM_HL_Y	YL50A	1.91451	-2.86	-8.66	-14.51	-0.67	22.61	-14.75	2.65	1.41	6.4	6.24	5.46	-2.81	0.0	0.0	-0.49	-0.0	4.55736	2.64285
3HFM_HL_Y	YL50F	2.14365	-2.89	-9.41	-15.42	-0.26	23.02	-16.21	5.92	1.45	6.52	5.86	5.43	-3.15	0.0	0.0	-0.49	0.0	2.3548	0.21115
3HFM_HL_Y	YH33A	2.22253	-2.32	-9.78	-13.88	0.12	22.04	-13.94	2.63	1.19	5.75	6.26	5.39	-3.3	0.0	0.0	-0.48	0.0	6.03476	3.81223
3HFM_HL_Y	WH98F	-0.56461	-2.99	-8.58	-14.61	-0.57	22.17	-15.78	3.17	1.06	6.38	5.22	5.33	-2.86	0.0	0.0	-0.43	0.0	3.2454	3.81001
3HFM_HL_Y	WH98A	0.82348	-2.86	-8.55	-13.72	-0.57	21.11	-14.5	2.93	0.96	6.36	5.33	5.25	-2.41	0.0	0.0	-0.42	0.0	5.51039	4.68691
3HFM_HL_Y	DH32A	0.28558	-2.91	-10.43	-15.34	0.19	23.28	-15.91	3.08	1.42	6.32	6.19	5.44	-2.72	0.0	0.0	-0.29	0.0	1.8981	1.61252
3HFM_HL_Y	DH32N	0.49626	-2.91	-10.43	-15.68	0.18	24.17	-16.11	3.13	1.42	6.4	6.17	5.47	-2.92	0.0	0.0	-0.29	0.0	0.1704	-0.32586
3HFM_HL_Y	YH50A	0.26726	-1.71	-7.29	-14.97	-0.6	22.59	-16.27	3.31	0.82	6.05	6.03	4.0	-3.46	0.0	0.0	-0.48	0.0	7.31917	7.05191
3HFM_HL_Y	YL96A	0.17678	-2.91	-10.31	-15.22	-0.39	23.42	-15.96	3.1	1.22	6.38	6.31	5.93	-2.84	0.0	0.0	-0.49	0.0	2.7069	2.53012
3HFM_HL_Y	YL96F	-0.16417	-2.91	-10.42	-15.43	-0.2	23.79	-16.05	3.11	1.37	6.38	6.15	5.55	-2.93	0.0	0.0	-0.49	0.0	1.4017	1.56587
3KUD_A_B	KB85A	-0.8058	-5.01	-6.53	-9.25	-2.8	13.25	-10.86	0.23	0.2	1.4	5.4	4.51	-1.37	0.07	0.0	-1.28	0.0	1.95294	2.75874
3KUD_A_B	NB71R	-1.672	-5.93	-6.24	-10.25	-5.45	15.94	-11.59	0.18	0.22	1.4	7.92	4.8	-1.67	0.17	0.0	-2.39	0.0	-0.79767	0.87433
3KUD_A_B	TA35A	0.0495	-5.02	-5.03	-9.43	-4.38	14.49	-10.94	0.18	0.22	1.4	5.57	4.57	-1.24	0.12	0.0	-1.7	0.0	1.99035	1.94085
3QDG_ABC_DE	DD26W	-2.0752	-2.56	-8.31	-17.79	-3.63	23.64	-22.83	1.94	0.1	3.19	10.45	3.02	-5.13	0.47	-0.0	-0.55	0.0	-1.56148	0.51372
3QDG_ABC_DE	DD26Y	-3.1396	-2.55	-9.2	-17.78	-3.78	23.74	-22.66	1.86	0.09	3.27	10.38	2.75	-5.01	0.48	-0.0	-0.55	0.0	-1.79293	1.34667
3QDG_ABC_DE	LE98W	0.1779	-2.37	-7.97	-17.24	-2.94	23.46	-21.8	1.37	0.09	2.94	10.83	2.81	-5.01	0.08	-0.0	-0.24	0.0	-0.70264	-0.88054
3QDJ_ABC_DE	DD26W	0.5319	-2.08	-6.89	-16.99	-1.96	21.17	-22.0	1.41	0.07	3.29	9.7	1.83	-4.5	0.29	-0.0	-0.09	0.01	-2.17077	-2.70267
3QDJ_ABC_DE	DD26Y	0.4036	-2.44	-7.73	-17.64	-2.16	22.17	-22.68	0.83	0.07	3.32	11.17	2.06	-3.97	0.31	-0.0	-0.13	0.01	-1.33656	-1.74016
3QDJ_ABC_DE	LE98W	-0.1131	-2.32	-7.73	-17.3	-1.93	22.09	-22.09	0.82	0.06	3.05	11.14	2.09	-5.43	-0.09	-0.0	0.02	0.01	-0.80729	-0.69419
3QIB_ABP_CD	KA67A	0.2597	-8.63	-17.99	-24.65	-4.58	36.98	-29.56	1.19	1.21	5.15	12.66	2.0	-2.42	0.2	0.0	-0.93	0.04	0.56581	0.30611
3QIB_ABP_CD	EB66A	0.0388	-8.63	-17.95	-24.36	-4.62	36.33	-29.18	1.12	1.16	5.19	12.33	2.24	-2.41	0.2	0.0	-0.99	0.04	1.21221	1.17341
3QIB_ABP_CD	YP7F	0.709	-7.98	-17.37	-24.45	-4.79	36.47	-29.58	1.19	1.12	5.12	12.82	1.98	-2.6	0.2	0.0	-1.08	0.04	0.10797	-0.60103
3QIB_ABP_CD	TP12S	0.8077	-8.57	-17.88	-24.3	-4.78	36.58	-28.87	1.19	1.21	5.12	12.75	1.99	-2.42	0.2	0.0	-1.08	0.04	1.07519	0.26749
3S9D_A_B	RA12A	-2.9604	-1.94	-4.91	-17.35	-3.3	18.54	-24.71	1.32	0.69	2.8	8.88	3.26	-1.68	-0.28	0.0	-0.96	0.13	0.6215	3.5819
3SGB_E_I	LI18I	4.23825	-8.09	-2.51	-12.77	-0.58	16.72	-16.68	6.29	0.96	3.3	2.44	6.07	-1.21	-0.07	0.0	0.0	0.34	4.4189	0.18065
3SGB_E_I	LI18K	1.2868	-8.98	-3.39	-13.15	-0.84	19.55	-16.22	3.11	0.03	3.23	3.28	6.23	-1.85	-0.05	0.0	-0.1	0.34	3.1378	1.851
3SGB_E_I	LI18R	0.2153	-9.39	-3.74	-13.29	-0.97	18.94	-15.54	3.09	0.16	3.26	2.15	6.47	-1.17	-0.04	0.0	-0.13	0.34	3.3201	3.1048
3SGB_E_I	AI15T	1.5484	-8.15	-2.57	-13.55	-0.58	18.19	-17.38	4.22	0.04	3.31	2.88	6.14	-1.3	-0.07	0.0	0.0	0.34	0.3265	-1.2219
3SGB_E_I	AI15D	1.7757	-8.17	-2.57	-13.54	-1.21	19.56	-17.13	3.76	0.03	3.29	2.93	6.17	-1.6	-0.07	0.0	-0.05	0.34	0.4698	-1.3059
3SGB_E_I	AI15R	0.0028	-8.14	-2.57	-13.83	-0.24	18.03	-17.64	3.08	0.04	3.29	3.49	5.78	-1.74	-0.07	0.0	0.12	0.34	2.0073	2.0045
3SGB_E_I	TI17P	-1.0959	-8.11	-2.48	-12.59	-0.57	15.9	-16.55	3.07	0.03	3.25	2.53	5.26	-1.17	-0.07	0.0	0.0	0.34	3.1378	4.2337
3SGB_E_I	TI17K	-1.1034	-8.1	-3.21	-13.58	-0.88	17.89	-17.77	3.07	0.07	3.35	3.8	5.69	-1.52	0.0	0.0	-0.22	0.34	2.0073	3.1107
3SGB_E_I	TI17R	-0.2368	-8.1	-2.56	-13.46	-1.0	17.54	-17.13	3.06	0.04	3.28	3.66	5.75	-1.5	0.08	0.0	-0.29	0.34	1.9453	2.1821
3SGB_E_I	YI20Q	2.1475	-8.07	-1.35	-12.63	-0.95	17.05	-16.19	3.06	0.04	3.27	3.19	5.59	-1.18	-0.07	0.0	-0.01	0.34	3.2354	1.0879
3SGB_E_I	GI32D	2.7024	-8.17	-2.59	-13.28	-0.59	18.38	-17.15	6.12	0.03	3.21	2.37	5.58	-1.71	-0.07	0.0	0.11	0.34	1.6024	-1.1
3SGB_E_I	NI28S	-0.0002	-8.13	-2.57	-12.77	-0.58	16.85	-16.49	3.06	0.03	3.27	2.34	5.86	-1.2	-0.07	0.0	0.0	0.34	0.0097	0.0099
4B0M_A_BM	PM103S	0.6318	-5.19	-6.24	-20.92	-0.64	19.87	-30.56	0.53	0.06	1.63	12.33	6.88	-2.37	0.0	0.0	-0.55	0.0	0.75769	0.12589
4B0M_A_BM	PM104A	1.1545	-5.22	-6.24	-20.97	-0.64	20.16	-30.47	0.51	0.05	1.63	12.23	7.18	-2.32	0.0	0.0	-0.55	0.0	1.91481	0.76031
4B0M_A_BM	YM12G	0.2528	-5.22	-6.24	-21.14	-0.63	19.87	-31.0	0.53	0.04	1.61	12.3	7.12	-2.28	0.0	0.0	-0.54	0.0	0.62895	0.37615
4B0M_A_BM	YM40A	-0.2115	-5.24	-6.24	-21.1	-0.73	19.86	-30.87	0.53	0.04	1.61	12.29	6.7	-2.28	0.0	0.0	-0.61	0.0	1.65211	1.86361
4FTV_ABC_DE	KD68A	0.9924	-4.02	-7.1	-18.8	-4.66	25.1	-23.46	0.42	0.41	6.22	7.68	3.78	-3.04	-0.16	-0.0	-0.32	-0.0	-1.57877	-2.57117
4FTV_ABC_DE	TA163A	0.4659	-4.0	-8.67	-18.91	-4.77	25.69	-23.72	0.33	0.4	6.38	8.64	3.68	-2.95	-0.03	-0.0	-0.39	-0.0	0.36094	-0.10496
4G0N_A_B	IA21A	1.0795	-5.47	-8.43	-10.5	-5.18	16.16	-12.21	0.16	0.18	1.43	7.22	5.33	-1.92	0.14	0.0	-2.02	-0.0	0.90002	-0.17948
4G0N_A_B	HA27A	0.066	-5.5	-8.43	-10.93	-5.3	16.21	-13.15	0.16	0.18	1.45	7.69	5.33	-1.92	0.23	0.0	-2.11	0.0	-0.30028	-0.36628
4G0N_A_B	IA36A	1.7604	-5.5	-8.43	-9.91	-5.13	15.56	-11.27	0.15	0.17	1.34	6.95	5.25	-1.8	0.14	0.0	-2.02	-0.0	1.80055	0.04015
4G0N_A_B	EA37A	1.7188	-5.48	-5.76	-10.16	-3.02	14.01	-12.6	0.14	0.13	1.41	4.46	5.63	-1.92	0.16	0.0	-1.49	-0.0	1.80055	0.08175
4G0N_A_B	SA39A	-0.0987	-5.47	-8.43	-10.96	-5.17	16.14	-13.4	0.16	0.18	1.46	7.51	5.48	-1.88	0.14	0.0	-2.02	-0.0	0.30031	0.39901
4G0N_A_B	VA45A	0.0	-5.5	-8.43	-10.94	-5.18	16.22	-13.15	0.16	0.18	1.45	7.5	5.33	-1.93	0.14	0.0	-2.02	-0.0	-0.30028	-0.30028
4G0N_A_B	FB61W	-0.1492	-5.51	-8.43	-10.92	-5.26	16.27	-13.09	0.15	0.18	1.46	7.42	5.31	-1.96	0.14	0.0	-2.05	-0.0	0.60315	0.75235
4G0N_A_B	NB71R	-0.5492	-6.25	-9.18	-12.05	-5.88	17.92	-14.21	0.16	0.19	1.51	9.38	5.33	-1.2	0.2	0.0	-2.55	-0.0	-0.69797	-0.14877
4G0N_A_B	AB85K	-1.7339	-5.65	-8.36	-11.18	-6.87	17.7	-13.22	0.19	0.18	1.45	7.43	4.38	-1.67	0.17	0.0	-2.45	-0.0	-1.10837	0.62553
4G0N_A_B	NB64D	-1.1087	-7.01	-9.95	-11.27	-5.56	16.73	-13.34	0.86	0.16	1.49	8.39	5.8	-1.57	0.14	0.0	-2.08	-0.0	1.80809	2.91679
4GNK_A_B	KA311A	-0.0175	-7.27	-11.38	-27.47	-7.51	36.15	-37.32	3.36	0.24	5.57	12.91	5.75	-3.57	-0.11	0.0	-0.86	0.61	0.09893	0.11643
4GNK_A_B	LB876A	0.0001	-7.27	-11.38	-27.47	-7.5	36.15	-37.32	3.36	0.24	5.57	12.91	5.75	-3.57	-0.11	0.0	-0.85	0.61	-1.41989	-1.41999
4J2L_A_CD	VA591A	0.0812	-7.63	-3.69	-23.83	-0.17	19.0	-37.92	3.09	1.24	4.0	10.33	2.58	-1.68	0.0	0.0	-0.03	-0.0	0.08985	0.00865
4J2L_A_CD	SA602D	0.2299	-7.66	-3.69	-23.86	-0.14	19.21	-38.11	3.3	1.25	3.94	10.31	2.57	-1.67	0.0	0.0	-0.07	-0.0	-0.96996	-1.19986
4J2L_A_CD	LA686E	1.8959	-7.6	-3.66	-22.9	-0.05	19.02	-36.04	2.76	0.84	3.33	10.07	2.68	-2.0	0.0	0.0	-0.02	-0.0	-0.63076	-2.52666
4K71_A_BC	GA505E	3.9128	-6.46	-17.37	-29.03	-4.64	42.12	-35.68	4.87	0.4	6.05	15.39	6.04	-8.08	-0.64	0.0	-0.48	0.03	0.7418	-3.171
4L3E_ABC_DE	RA65A	2.1567	-1.49	-3.78	-17.56	-3.9	22.17	-22.84	0.45	0.13	3.47	9.4	3.05	-5.18	0.23	-0.0	-0.8	0.0	1.30109	-0.85561
4L3E_ABC_DE	YE51A	0.1525	-3.0	-5.29	-18.56	-3.69	23.92	-23.58	0.47	0.14	3.55	9.94	3.07	-5.26	0.21	-0.0	-0.5	0.0	2.22721	2.07471
4L3E_ABC_DE	YD26A	1.5969	-2.92	-5.17	-17.81	-3.45	22.5	-22.85	0.4	0.15	2.97	9.86	3.19	-4.27	0.2	-0.0	-0.5	0.0	2.7834	1.1865
4L3E_ABC_DE	YD50A	1.629	-2.98	-5.13	-17.73	-3.68	23.73	-22.18	0.3	0.15	3.41	9.49	3.09	-5.4	0.21	-0.0	-0.5	0.0	0.46776	-1.16124
4L3E_ABC_DE	QA155A	-0.0863	-3.01	-5.29	-18.15	-3.67	23.45	-23.14	0.26	0.15	3.5	9.4	3.07	-5.13	0.21	-0.0	-0.5	0.0	1.2584	1.3447
4L3E_ABC_DE	ND52A	0.701	-3.0	-5.98	-18.86	-3.9	25.06	-23.8	0.58	0.15	3.57	10.57	3.32	-5.25	0.15	-0.0	-0.59	0.0	-0.45951	-1.16051
4L3E_ABC_DE	EA166A	0.1426	-3.0	-5.13	-18.62	-3.61	24.07	-23.6	0.47	0.15	3.56	9.63	3.04	-5.31	0.21	-0.0	-0.41	0.0	1.21691	1.07431
4NKQ_C_AB	RB170D	1.2677	-6.05	-9.22	-11.78	-1.86	18.67	-13.06	0.29	0.28	2.51	10.6	3.82	-2.21	0.18	0.0	0.11	0.08	-0.0773	-1.345
4NKQ_C_AB	DB192R	-2.974	-7.51	-10.81	-13.91	-3.69	21.49	-14.74	0.39	0.3	2.59	13.17	4.26	-2.48	0.18	0.0	-1.15	0.08	0.2027	3.1767
4NKQ_C_AB	KB195D	0.5999	-5.1	-8.34	-12.04	-3.35	18.48	-13.02	0.29	0.29	2.45	10.16	3.85	-1.83	0.21	0.0	-0.51	0.08	-0.1992	-0.7991
4NKQ_C_AB	DC112K	0.5068	-6.05	-9.22	-12.64	-2.44	19.34	-13.91	0.3	0.3	2.49	11.12	4.11	-1.93	0.2	0.0	-0.17	0.08	-0.3314	-0.8382
4RA0_A_C	AC92V	1.7173	-11.0	-15.81	-20.84	-5.04	29.46	-25.95	1.38	0.16	1.45	17.94	9.31	-3.59	0.16	0.0	-2.66	-0.0	0.9307	-0.7866
4RA0_A_C	RC127G	0.0	-10.94	-16.68	-20.22	-4.97	28.23	-25.18	0.36	0.12	1.37	17.72	9.32	-3.45	0.16	0.0	-2.65	-0.0	0.2474	0.2474
4RS1_A_B	EA45K	0.4957	-8.2	-11.04	-20.71	-4.78	29.54	-26.03	0.89	0.5	5.82	15.89	6.14	-4.54	-0.24	0.13	-1.17	-0.0	2.13907	1.64337
4RS1_A_B	DA48K	1.8894	-7.38	-10.4	-21.03	-5.68	30.15	-26.41	0.93	0.54	5.85	16.43	6.17	-4.01	-0.24	0.13	-1.45	-0.0	3.61763	1.72823
4RS1_A_B	LA115A	0.0446	-8.58	-9.75	-19.67	-5.66	28.97	-23.84	0.97	0.51	5.87	13.28	6.01	-4.5	-0.24	0.13	-1.73	-0.0	2.36441	2.31981
4RS1_A_B	FA119A	1.9052	-8.07	-9.47	-18.97	-5.46	28.1	-23.64	0.89	0.5	5.61	14.28	6.07	-4.62	-0.24	0.13	-1.73	-0.0	3.62451	1.71931
5E9D_AB_CDE	GD28E	0.0927	-8.31	-9.05	-27.14	-3.66	38.17	-37.83	0.97	0.19	2.91	11.4	4.09	-4.57	-0.31	0.0	0.01	0.09	-0.47911	-0.57181
5E9D_AB_CDE	TD91Q	-0.0233	-8.16	-9.27	-27.15	-3.49	38.1	-37.85	0.98	0.19	2.86	11.19	4.09	-4.67	-0.09	0.0	-0.03	0.09	-0.57364	-0.55034
5E9D_AB_CDE	VE50D	-0.094	-8.16	-9.27	-27.15	-3.55	38.1	-37.85	0.98	0.19	2.86	11.26	4.09	-4.68	-0.09	0.0	-0.1	0.09	-0.43246	-0.33846
5E9D_AB_CDE	AE99Y	-0.7335	-8.32	-8.37	-26.47	-2.52	35.5	-37.33	0.97	0.17	2.76	10.65	3.57	-4.66	-0.09	0.0	0.05	0.09	-0.89932	-0.16582
5M2O_A_B	VB43A	2.2529	-5.54	-13.14	-17.92	-2.5	24.4	-23.29	0.48	0.16	3.8	11.88	2.36	-2.77	0.29	0.0	-0.01	0.44	2.52453	0.27163
5M2O_A_B	QB47A	2.3348	-4.96	-11.45	-17.74	-2.48	23.28	-24.12	0.51	0.19	3.72	11.11	2.36	-2.5	0.29	0.0	-0.01	0.44	1.1827	-1.1521
5M2O_A_B	NA75A	3.1561	-5.25	-11.49	-18.09	-2.51	24.17	-24.53	0.59	0.2	3.47	11.71	2.37	-2.14	0.28	0.0	-0.0	0.44	0.1599	-2.9962
5M2O_A_B	EA84A	1.6963	-5.52	-10.62	-18.12	-1.53	22.9	-24.46	0.46	0.2	3.69	10.42	2.16	-2.43	0.21	0.0	0.18	0.44	0.7229	-0.9734
5M2O_A_B	HA121A	3.8284	-4.85	-10.57	-17.6	-0.48	21.86	-23.99	0.54	0.16	3.35	11.88	1.9	-2.62	-0.13	0.0	0.32	0.0	0.9122	-2.9162
5M2O_A_B	NA124A	0.8902	-5.68	-12.02	-18.17	-2.51	23.81	-24.55	0.52	0.19	3.49	11.37	2.36	-2.56	0.29	0.0	-0.01	0.44	0.4647	-0.4255
5XCO_A_B	DA12C	0.2422	-5.14	-13.03	-15.37	-5.03	18.17	-20.15	1.12	0.08	2.2	9.2	3.19	-0.85	0.34	0.0	-0.87	0.03	0.8109	0.5687
5XCO_A_B	DA12G	0.425	-5.14	-13.06	-15.29	-5.03	18.13	-20.0	1.11	0.08	2.2	9.2	3.22	-0.85	0.34	0.0	-0.87	0.03	1.10994	0.68494
5XCO_A_B	PB6A	1.7741	-4.99	-12.99	-14.81	-5.2	18.17	-18.99	1.11	0.07	2.34	9.03	3.4	-0.95	0.34	0.0	-1.02	0.03	1.07849	-0.69561
5XCO_A_B	LB7A	3.4869	-5.08	-12.88	-13.8	-5.03	17.5	-17.17	1.09	0.07	2.18	8.26	3.48	-0.85	0.34	0.0	-1.02	0.03	2.74662	-0.74028
5XCO_A_B	YB8A	0.8378	-5.12	-12.99	-14.47	-5.17	17.13	-18.91	1.06	0.07	2.1	8.91	3.28	-0.88	0.34	0.0	-1.02	0.03	1.3635	0.5257
5XCO_A_B	IB9A	2.9721	-5.04	-12.91	-14.35	-5.18	18.14	-17.86	1.0	0.08	2.12	8.67	3.37	-0.87	0.34	0.0	-1.02	0.03	2.79599	-0.17611
5XCO_A_B	SB10A	1.1519	-5.42	-11.03	-15.3	-5.23	18.32	-20.22	0.97	0.08	2.23	8.83	2.82	-0.57	0.34	0.0	-1.01	0.03	1.28538	0.13348
5XCO_A_B	YB11A	3.2459	-4.48	-8.94	-13.28	-4.98	15.77	-17.6	0.19	0.08	1.49	7.17	2.92	-1.48	0.34	0.0	-1.05	0.03	1.89939	-1.34651
5XCO_A_B	DB12A	4.3194	-5.17	-9.94	-14.88	-2.61	16.58	-19.92	1.07	0.07	2.16	9.29	3.21	-1.39	0.22	0.0	-0.79	0.03	2.79599	-1.52341
5XCO_A_B	PB13A	0.2443	-5.14	-12.92	-15.21	-5.15	18.04	-19.89	1.11	0.08	2.31	9.18	3.21	-0.97	0.34	0.0	-1.02	0.03	0.6348	0.3905
5XCO_A_B	VB14A	0.8453	-5.05	-12.84	-15.01	-5.09	17.85	-19.64	1.11	0.07	2.13	9.14	3.25	-0.87	0.34	0.0	-1.02	0.03	0.0	-0.8453
1A22_A_B	RA64A	2.942	-5.28	-11.9	-23.86	-5.02	33.96	-28.96	2.92	0.46	4.15	9.74	5.85	-6.29	0.12	0.0	-0.82	0.11	1.72105	-1.2209500000000002
1A22_A_B	KA168A	1.0653	-4.3	-12.89	-24.81	-6.9	34.91	-29.77	2.77	0.51	4.02	9.85	6.08	-5.18	0.12	0.0	-1.33	0.11	-0.0523	-1.1176
1A22_A_B	DA171A	3.5021	-5.14	-10.36	-24.71	-5.76	33.91	-30.33	2.94	0.48	4.28	9.37	7.1	-4.97	0.08	0.0	-1.14	0.11	0.9739	-2.5282
1A22_A_B	KA172A	0.8611	-5.17	-12.4	-24.54	-6.67	35.5	-29.38	2.73	0.51	4.29	9.72	5.95	-6.12	0.12	0.0	-1.4	0.11	1.7783	0.9172
1A22_A_B	EA174A	-0.1311	-5.14	-11.17	-24.12	-6.46	33.71	-29.62	2.84	0.44	4.04	8.95	5.95	-6.43	0.12	0.0	-1.16	0.06	-0.90955	-0.7784500000000001
1A22_A_B	FA176A	0.1219	-5.19	-12.44	-24.95	-6.7	35.98	-30.0	2.97	0.5	4.19	9.62	5.98	-6.44	0.12	0.0	-1.34	0.11	1.02395	0.90205
1A22_A_B	SB298A	0.4407	-5.19	-12.44	-24.94	-6.69	35.78	-30.02	2.96	0.51	4.1	9.98	5.95	-6.25	0.12	0.0	-1.34	0.11	-0.1683333333333333	-0.6090333333333333
1A22_A_B	SB302A	-0.0645	-5.18	-12.44	-24.84	-6.68	35.39	-30.13	2.94	0.5	4.1	9.66	6.08	-6.14	0.12	0.0	-1.34	0.11	0.0207999999999999	0.0852999999999999
1A22_A_B	EB320A	0.1064	-5.17	-12.44	-24.83	-6.62	35.66	-29.82	2.96	0.51	4.1	9.44	5.95	-6.22	0.03	0.0	-1.35	0.11	-0.2022	-0.3086
1A22_A_B	KB321A	0.4121	-5.16	-11.16	-24.72	-6.81	35.12	-29.75	2.89	0.51	4.1	8.78	6.01	-6.05	0.14	0.0	-1.4	0.11	0.0794499999999999	-0.33265
1A22_A_B	RB417A	0.5226	-5.19	-11.2	-24.53	-6.45	34.9	-29.79	2.92	0.5	4.01	8.81	5.94	-6.24	0.12	0.0	-1.24	0.09	0.2609999999999999	-0.2616
1A22_A_B	NB418A	-0.6044	-4.92	-12.17	-23.86	-6.68	33.61	-29.35	3.0	0.41	3.99	8.94	5.95	-6.29	0.12	0.0	-1.34	0.08	0.28695	0.8913500000000001
1AO7_ABC_DE	EA58A	-0.0557	-4.61	-6.83	-16.19	-1.98	21.44	-20.46	0.69	0.07	4.67	8.61	2.37	-2.62	-0.15	0.0	-0.12	-0.0	-0.4872849999999999	-0.431585
1AO7_ABC_DE	RD27A	0.1957	-4.61	-6.83	-15.89	-1.87	21.11	-20.24	0.69	0.07	4.6	8.51	2.37	-2.64	-0.2	0.0	-0.01	-0.0	0.4902149999999999	0.2945149999999999
1AO7_ABC_DE	RA170A	-0.541	-4.61	-6.83	-15.98	-2.17	21.13	-20.39	0.69	0.06	4.67	8.55	2.37	-2.66	-0.15	0.0	-0.27	-0.0	-0.07661	0.4643899999999999
1AO7_ABC_DE	QD30L	-1.1917	-3.93	-6.12	-16.06	-1.9	20.32	-21.19	0.69	0.07	4.61	7.54	2.36	-2.49	-0.15	0.0	-0.07	-0.0	1.684605	2.876305
1AO7_ABC_DE	LC1A	0.7699	-4.48	-6.83	-15.8	-1.91	21.13	-19.86	0.67	0.06	4.52	8.63	2.37	-2.74	-0.15	0.0	-0.07	-0.0	0.9385566666666666	0.1686566666666665
1AO7_ABC_DE	QD30V	-0.3395	-3.84	-6.17	-15.54	-1.88	20.13	-20.16	0.68	0.07	4.57	7.28	2.28	-2.71	-0.15	0.0	-0.07	-0.0	-0.09207	0.24743
1AO7_ABC_DE	SD31A	1.2028	-4.61	-5.63	-16.12	-1.92	21.38	-20.54	0.67	0.06	4.67	8.54	2.39	-2.54	-0.15	0.0	-0.07	-0.0	0.8457266666666667	-0.3570733333333333
1AO7_ABC_DE	YC5A	3.8053	-4.5	-5.63	-13.89	-2.03	19.07	-17.79	0.52	0.05	3.52	8.29	3.08	-2.87	-0.15	0.0	-0.08	-0.0	1.585362727272727	-2.2199372727272726
1AO7_ABC_DE	YC5F	0.884	-4.56	-5.63	-15.83	-1.97	20.61	-20.48	0.64	0.04	4.32	8.57	2.57	-2.63	-0.15	0.0	-0.07	-0.0	0.0838075	-0.8001925
1AO7_ABC_DE	YD50A	1.5404	-4.61	-6.81	-15.92	-1.83	21.18	-20.15	0.68	0.07	4.61	8.47	3.44	-2.54	-0.14	0.0	-0.05	-0.0	0.4908899999999999	-1.0495100000000002
1AO7_ABC_DE	QA155A	1.6128	-3.98	-6.16	-15.46	-1.92	20.54	-19.75	0.68	0.06	4.6	7.68	2.66	-2.26	-0.15	0.0	-0.07	-0.0	0.2315075	-1.3812925
1AO7_ABC_DE	EA166A	-0.1293	-4.61	-6.83	-16.12	-1.81	21.17	-20.41	0.69	0.06	4.64	8.5	2.3	-2.67	-0.15	0.0	0.02	-0.0	2.19898	2.3282800000000003
1AO7_ABC_DE	KD68A	0.375	-4.61	-6.83	-16.2	-1.88	21.38	-20.52	0.69	0.06	4.59	8.59	2.69	-2.49	-0.18	0.0	-0.06	-0.0	1.2109299999999998	0.8359299999999998
1AO7_ABC_DE	TA163A	-0.0059	-4.61	-6.83	-15.98	-1.92	21.02	-20.27	0.67	0.07	4.67	8.4	2.32	-2.39	-0.15	0.0	-0.07	-0.0	0.5812833333333333	0.5871833333333333
1AO7_ABC_DE	RA65A	1.5143	-4.57	-6.22	-14.95	-0.05	18.89	-19.55	0.56	0.05	4.04	7.21	3.06	-2.72	-0.15	0.0	0.2	-0.0	3.0419825	1.5276825
1AO7_ABC_DE	SD100A	-0.6771	-4.61	-6.83	-16.22	-1.92	21.29	-20.77	0.69	0.07	4.65	8.64	2.31	-2.84	-0.15	0.0	-0.07	-0.0	-0.23748	0.43962
1AO7_ABC_DE	AA69G	0.7774	-4.69	-6.81	-15.99	-1.9	21.52	-19.99	0.69	0.07	4.8	8.65	2.37	-2.66	-0.15	0.0	-0.07	-0.0	1.3661166666666666	0.5887166666666667
1AO7_ABC_DE	RE95A	0.3075	-4.5	-6.77	-16.06	-2.08	21.17	-20.47	0.65	0.07	4.45	8.65	3.13	-2.88	-0.17	0.0	-0.17	-0.0	0.3897975	0.0822975
1AO7_ABC_DE	PE103A	1.0888	-4.61	-6.8	-15.97	-1.89	21.52	-20.06	0.68	0.08	4.77	8.54	2.66	-2.59	-0.15	0.0	-0.07	-0.0	1.1571625	0.0683624999999998
1AO7_ABC_DE	QA72A	0.3666	-4.65	-6.83	-16.06	-1.92	21.54	-20.17	0.68	0.07	4.72	8.47	2.37	-2.64	-0.15	0.0	-0.07	-0.0	0.186865	-0.1797349999999999
1AO7_ABC_DE	AE99M	-0.8579	-4.66	-6.83	-16.88	-1.95	21.99	-21.5	0.71	0.07	4.9	9.1	2.29	-2.71	-0.15	0.0	-0.07	-0.0	-0.310325	0.5475749999999999
1AO7_ABC_DE	GE100S	0.4244	-4.6	-6.83	-16.38	-1.92	21.77	-20.6	1.16	0.15	4.95	8.65	2.17	-2.65	-0.15	0.0	-0.07	-0.0	-0.326335	-0.750735
1BD2_ABC_DE	DD30N	-1.8004	-4.59	-4.76	-15.74	-1.69	19.0	-19.8	1.08	0.51	6.59	6.95	1.61	-3.69	-0.44	-0.0	-0.37	0.0	1.93644	3.73684
1BD2_ABC_DE	YC5A	-0.6033	-4.63	-5.23	-13.38	-2.39	17.72	-16.72	0.46	0.36	5.8	6.47	1.4	-3.86	-0.39	-0.0	-0.54	0.0	3.340335	3.943635
1BD2_ABC_DE	YC5F	-3.8018	-4.56	-5.22	-15.44	-2.38	18.57	-19.98	0.75	0.33	6.59	6.65	2.09	-3.82	-0.38	-0.0	-0.54	0.0	0.7396833333333334	4.541483333333334
1BD2_ABC_DE	YE104A	0.5072	-4.3	-4.62	-13.95	-2.68	17.94	-17.6	2.31	0.34	6.66	5.83	1.12	-2.93	-0.51	-0.0	-0.58	0.0	0.30782	-0.19938
1BP3_A_B	KA172A	1.3297	-1.93	-10.76	-19.29	-1.35	26.05	-24.17	1.22	1.12	2.52	9.31	4.5	-5.16	-0.01	0.0	-0.46	0.15	2.6051	1.2754
1BP3_A_B	EA174A	0.4173	-1.97	-10.84	-19.42	-1.97	25.66	-24.54	2.07	0.88	2.44	10.08	4.43	-5.57	-0.01	0.0	-0.62	0.12	1.83088	1.41358
1BP3_A_B	FA176A	0.5395	-1.96	-10.71	-19.54	-1.37	26.33	-24.64	1.16	1.12	2.36	9.32	4.49	-5.51	-0.01	0.0	-0.43	0.15	1.926945	1.387445
1BRS_A_D	KA27A	2.7135	-5.05	-9.23	-15.26	-4.45	24.21	-16.95	1.52	0.24	4.84	7.32	4.13	-3.06	-0.64	0.0	-0.29	0.12	5.123466666666666	2.4099666666666666
1BRS_A_D	RA59A	2.27	-4.96	-9.33	-14.38	-3.59	24.07	-16.19	1.48	0.19	4.89	5.95	4.12	-4.43	-0.96	0.0	0.08	0.12	4.9862	2.7162
1BRS_A_D	RA87A	3.7649	-5.04	-10.07	-15.81	-3.06	25.54	-17.74	1.47	0.22	5.11	8.52	4.43	-4.04	-0.72	0.0	-0.16	0.1	5.7555	1.9906
1BRS_A_D	HA102A	4.1262	-4.3	-8.29	-14.9	-5.06	24.89	-16.63	1.58	0.24	4.92	8.15	4.73	-5.11	-0.76	0.0	-0.52	0.0	6.344074999999999	2.217875
1BRS_A_D	DD35A	2.1944	-4.12	-9.8	-15.25	-4.52	24.11	-17.11	1.45	0.22	4.73	8.01	2.92	-2.67	-0.81	0.0	-0.47	0.11	4.28422	2.08982
1BRS_A_D	DD39A	5.4424	-5.01	-7.52	-15.21	-2.18	23.19	-17.49	1.54	0.23	5.11	8.31	4.19	-3.77	-0.7	0.0	-0.37	0.1	6.789645	1.347245
1BRS_A_D	ED76A	0.9131	-5.02	-9.35	-15.75	-4.31	25.71	-17.64	1.52	0.22	5.16	7.86	4.14	-5.66	-0.78	0.0	-0.25	0.12	1.0933	0.1801999999999999
1BRS_A_D	ED80A	0.1305	-5.05	-10.8	-16.16	-5.36	26.91	-17.83	1.51	0.24	5.15	8.66	4.12	-5.15	-0.71	0.0	-0.48	0.12	0.4765	0.346
1BRS_A_D	EA73A	0.8058	-5.05	-10.45	-15.95	-5.77	25.72	-17.75	1.72	0.24	5.11	8.94	4.16	-3.58	-0.73	0.0	-0.93	0.12	2.351733333333333	1.5459333333333332
1CHO_EFG_I	LI18A	1.9733	-7.56	-1.38	-13.81	-2.28	17.9	-16.89	0.78	0.19	3.9	3.56	4.79	-1.35	-0.03	0.0	-0.41	0.37	4.7816	2.8083
1CHO_EFG_I	LI18M	-0.581	-7.87	-1.38	-15.53	-2.28	18.94	-19.55	0.84	0.2	4.2	4.85	4.47	-1.32	-0.03	0.0	-0.41	0.37	0.3474	0.9284
1CHO_EFG_I	LI18K	1.2293	-9.41	-2.99	-15.78	-2.39	22.56	-19.06	0.96	0.29	4.21	5.52	5.09	-1.59	-0.03	0.0	-0.43	0.37	4.3124	3.0831
1CHO_EFG_I	AI15V	-0.8494	-7.87	-1.39	-15.54	-2.28	18.94	-20.1	1.14	0.46	3.91	4.92	4.17	-1.34	-0.03	0.0	-0.41	0.37	0.9254	1.7748
1CHO_EFG_I	TI17S	0.9953	-7.81	-1.32	-14.66	-2.24	18.57	-18.22	0.76	0.2	3.91	4.42	4.56	-1.31	-0.03	0.0	-0.41	0.37	2.3178	1.3225000000000002
1CHO_EFG_I	GI32A	0.1502	-7.8	-1.39	-15.29	-2.28	18.67	-19.77	2.27	0.26	3.92	4.42	4.34	-1.33	-0.03	0.0	-0.41	0.37	-0.91875	-1.06895
1DAN_HL_UT	WT45A	1.2649	-8.24	-20.95	-26.65	-4.97	35.74	-34.36	5.96	1.23	4.24	19.97	6.89	-9.82	-0.46	0.09	-0.83	0.0	1.96474	0.6998400000000002
1DAN_HL_UT	KT48A	1.7749	-8.07	-20.3	-27.45	-4.3	36.3	-35.17	6.0	1.23	4.6	18.84	7.06	-8.97	-0.46	0.09	-0.67	0.0	0.6858	-1.0891
1DAN_HL_UT	DT44A	2.3097	-7.42	-20.38	-27.26	-4.38	36.11	-34.93	6.0	1.25	3.89	19.25	7.11	-9.81	-0.46	0.09	-0.5	0.0	1.4378	-0.8718999999999999
1DAN_HL_UT	KT20A	3.41	-6.19	-19.04	-26.47	-4.46	33.5	-34.19	5.99	1.27	4.37	18.49	6.76	-8.68	-0.46	0.09	-0.85	0.0	2.511985	-0.898015
1DAN_HL_UT	KT46A	2.9972	-8.08	-19.08	-27.22	-4.77	35.95	-34.85	5.98	1.23	4.54	19.29	7.43	-9.4	-0.46	0.09	-0.75	0.0	0.563	-2.4342
1DAN_HL_UT	FU140A	1.591	-8.32	-21.21	-27.07	-4.97	36.79	-34.33	5.99	1.24	4.65	20.06	6.99	-10.01	-0.46	0.09	-0.85	0.0	1.74772	0.1567199999999999
1DQJ_AB_C	YC20A	1.3228	-5.54	-13.57	-16.6	-0.93	26.7	-17.22	3.32	0.4	4.07	7.36	3.42	-3.43	-0.03	0.0	-0.27	0.02	3.28551	1.96271
1DQJ_AB_C	RC21A	0.8649	-5.74	-10.76	-15.65	-1.48	24.78	-16.74	3.35	0.39	3.97	5.33	3.2	-3.21	-0.03	0.0	-0.29	0.02	1.2137	0.3488
1DQJ_AB_C	WC63A	0.9709	-5.69	-13.81	-17.17	-0.91	27.78	-17.56	3.26	0.43	4.34	7.37	3.28	-3.42	-0.03	0.0	-0.27	0.02	1.3462	0.3753000000000001
1DQJ_AB_C	KC97A	1.1775	-5.68	-13.07	-16.17	0.02	25.24	-16.35	3.15	0.4	4.18	6.29	3.4	-3.72	-0.03	0.0	-0.02	0.02	3.5195	2.342
1DQJ_AB_C	DC101A	1.8217	-4.27	-11.15	-16.39	0.18	24.67	-17.27	1.57	0.31	3.79	6.95	2.94	-3.23	-0.03	0.0	-0.18	0.02	1.37645	-0.4452500000000001
1FSS_A_B	TB8V	-1.9275	-5.64	-9.15	-20.31	-3.49	26.95	-26.82	1.76	0.39	4.65	10.34	9.02	-4.96	-0.03	0.0	-1.32	0.02	-0.0843999999999999	1.8431
1FSS_A_B	TB9N	0.1157	-5.55	-9.07	-19.55	-3.49	26.99	-25.0	1.49	0.4	4.27	10.09	8.82	-4.99	-0.03	0.0	-1.32	0.02	1.2508	1.1351
1JTG_A_B	EA104K	4.1371	-3.89	-12.83	-22.53	-2.38	31.74	-28.15	2.25	0.27	2.29	10.16	2.59	-4.84	0.0	0.0	-0.41	0.07	3.23912	-0.8979800000000004
1JTG_A_B	DB49A	4.6234	-4.89	-10.1	-21.26	-2.24	28.14	-26.87	2.16	0.27	2.14	8.94	3.09	-4.61	0.01	0.0	-0.16	0.07	2.34697	-2.2764300000000004
1JTG_A_B	FB142A	3.1336	-4.82	-14.12	-20.4	-4.17	30.28	-24.71	2.15	0.28	2.22	9.06	2.56	-4.57	0.0	0.0	-0.56	0.07	2.803988571428571	-0.3296114285714289
1JTG_A_B	SA130A	1.0539	-4.87	-12.68	-22.22	-4.03	31.07	-27.61	2.3	0.29	2.31	9.43	2.74	-4.98	0.0	0.0	-0.53	0.07	0.5626	-0.4913
1JTG_A_B	RA243A	1.3033	-4.88	-13.71	-22.12	-3.31	31.14	-27.41	2.18	0.28	2.23	9.81	2.52	-5.01	-0.01	0.0	-0.33	0.07	1.301875	-0.001425
1JTG_A_B	KA234A	1.337	-4.87	-14.27	-22.26	-3.21	30.98	-27.49	2.17	0.29	2.29	10.22	2.76	-4.76	0.0	0.0	-0.37	0.07	1.22149	-0.11551
1JTG_A_B	KB74A	2.8597	-4.77	-13.3	-21.75	-3.16	30.7	-26.75	2.17	0.29	2.23	9.72	3.16	-5.27	-0.02	0.0	-0.31	0.07	3.61627	0.75657
1JTG_A_B	YB143A	2.1198	-4.89	-13.99	-21.84	-3.88	31.7	-26.72	2.19	0.26	2.27	9.72	2.59	-4.62	0.0	0.0	-0.56	0.07	0.709775	-1.410025
1JTG_A_B	EA104A	3.6018	-4.01	-12.8	-21.18	-2.7	28.77	-26.3	2.95	0.26	2.23	8.82	2.52	-4.4	0.0	0.0	-0.49	0.07	1.9786925	-1.6231075
1JTG_A_B	YA105A	3.1957	-4.28	-13.45	-20.16	-4.85	29.25	-24.81	2.32	0.29	1.94	9.53	2.49	-4.72	0.0	0.0	-0.56	0.07	-0.1312	-3.3269
1JTG_A_B	QA99A	0.175	-4.94	-14.24	-21.8	-4.52	31.2	-26.87	2.19	0.29	2.13	8.95	2.88	-4.56	0.0	0.0	-0.56	0.07	0.50725	0.33225
1JTG_A_B	NA100A	-0.307	-4.94	-14.24	-22.06	-4.48	31.32	-27.27	2.19	0.27	2.09	9.52	2.48	-4.7	0.0	0.0	-0.56	0.07	-0.96115	-0.65415
1JTG_A_B	PA107A	0.6713	-4.88	-14.24	-22.18	-4.53	32.08	-27.08	2.1	0.31	2.99	9.76	2.51	-4.79	0.0	0.0	-0.56	0.07	-0.0738	-0.7451
1JTG_A_B	EA110A	1.4953	-4.87	-10.97	-21.49	-4.82	29.74	-26.77	2.16	0.3	2.23	8.28	2.58	-4.08	-0.02	0.0	-0.71	0.07	1.377285	-0.1180149999999999
1JTG_A_B	MA129A	1.4861	-4.94	-14.24	-21.38	-4.61	31.44	-26.02	2.1	0.27	2.31	9.42	2.56	-4.54	-0.1	0.0	-0.62	0.07	1.11855	-0.36755
1JTG_A_B	VA216A	0.5555	-4.87	-14.31	-21.8	-3.91	30.98	-26.64	2.14	0.27	2.23	9.25	2.64	-4.84	0.0	0.0	-0.53	0.07	-0.4927	-1.0482
1JTG_A_B	FB36A	2.091	-4.9	-14.19	-21.41	-4.52	31.78	-25.79	2.09	0.25	2.0	9.85	2.26	-4.93	0.0	0.0	-0.56	0.08	3.225076	1.134076
1JTG_A_B	HB41A	0.9809	-4.93	-14.16	-22.09	-4.52	31.57	-27.09	2.17	0.3	2.27	10.02	2.44	-4.32	0.0	0.0	-0.56	0.05	3.3161120000000004	2.3352120000000003
1JTG_A_B	YB50A	2.2308	-4.94	-14.27	-21.32	-4.74	31.89	-25.58	2.03	0.28	2.23	9.63	2.64	-4.9	-0.01	0.0	-0.63	0.06	-1.70645	-3.93725
1JTG_A_B	YB53A	1.9782	-4.87	-14.26	-21.59	-4.5	31.08	-26.51	2.15	0.28	2.21	10.63	2.36	-4.41	0.0	0.0	-0.56	0.08	2.868766	0.890566
1JTG_A_B	SB71A	1.0769	-4.89	-12.45	-22.1	-4.54	31.28	-27.4	2.16	0.3	2.26	9.49	2.59	-4.92	-0.02	0.0	-0.56	0.07	0.1386333333333333	-0.9382666666666666
1JTG_A_B	WB112A	2.4022	-4.91	-14.18	-21.14	-4.6	30.89	-25.65	2.06	0.3	2.21	9.79	2.59	-4.34	0.0	0.0	-0.56	0.07	2.8792600000000004	0.4770600000000002
1JTG_A_B	SB113A	0.9023	-4.93	-12.97	-22.27	-4.53	31.62	-27.51	2.26	0.3	2.28	9.47	2.59	-4.73	0.0	0.0	-0.56	0.07	-0.5156666666666666	-1.4179666666666666
1JTG_A_B	HB148A	0.477	-4.94	-14.18	-21.75	-4.52	30.82	-26.86	2.19	0.29	2.08	9.98	2.55	-4.65	0.0	0.0	-0.56	0.03	2.907268	2.4302680000000003
1JTG_A_B	WB150A	1.233	-4.94	-14.18	-21.18	-4.52	30.64	-25.98	2.18	0.27	1.72	9.42	2.57	-4.65	0.0	0.0	-0.56	0.07	4.313928000000001	3.080928000000001
1JTG_A_B	RB160A	1.3771	-4.17	-13.46	-21.42	-3.78	30.26	-26.86	2.18	0.27	2.09	8.51	2.25	-4.39	-0.03	0.0	-0.12	0.07	2.7361960000000005	1.3590960000000003
1JTG_A_B	WB162A	1.0846	-4.94	-14.25	-21.19	-4.52	30.47	-26.03	2.0	0.29	2.25	9.74	2.51	-4.58	0.0	0.0	-0.57	0.07	2.26202	1.17742
1JTG_A_B	EB73A	1.6567	-3.3	-12.66	-21.56	-5.36	29.8	-26.81	2.02	0.28	2.12	9.88	2.64	-4.54	0.1	0.0	-0.98	0.07	0.43485	-1.22185
1LFD_A_B	RA20A	0.6596	-6.93	-8.26	-12.33	-2.6	18.85	-15.16	0.4	0.07	1.51	8.3	3.73	-1.94	0.07	0.0	-0.89	0.0	1.83269	1.17309
1LFD_A_B	MA30K	0.6833	-6.86	-9.97	-12.74	-3.21	21.1	-15.17	0.44	0.08	1.34	9.08	3.81	-2.17	0.07	0.0	-1.14	0.0	-0.66081	-1.34411
1LFD_A_B	KA32A	1.4978	-6.98	-7.59	-11.89	-2.43	18.07	-14.46	0.4	0.08	1.57	7.71	3.74	-1.74	0.07	0.0	-0.82	0.0	1.9543	0.4564999999999999
1LFD_A_B	KA48A	0.3272	-6.97	-8.29	-12.41	-2.89	19.22	-15.11	0.4	0.07	1.51	8.03	3.88	-2.0	0.09	0.0	-1.04	0.0	0.36356	0.03636
1LFD_A_B	DA51A	-0.0232	-6.95	-8.29	-12.47	-3.01	19.31	-15.21	0.41	0.07	1.51	8.07	3.74	-2.03	0.09	0.0	-1.11	0.0	-0.4451525	-0.4219525
1LFD_A_B	KA52A	2.0724	-6.3	-6.19	-11.74	-2.05	17.09	-14.58	0.34	0.08	1.47	7.04	3.73	-1.99	0.07	0.0	-0.78	0.0	2.143685	0.071285
1LFD_A_B	DA58K	0.0514	-6.95	-8.29	-12.46	-2.93	19.24	-15.2	0.41	0.08	1.51	8.07	3.73	-2.03	0.09	0.0	-1.07	0.0	-0.70383	-0.75523
1LFD_A_B	DA94K	-0.4055	-6.95	-8.51	-12.58	-3.67	19.61	-15.25	0.41	0.08	1.51	8.5	3.73	-1.96	0.12	0.0	-1.27	0.0	-1.023745	-0.6182450000000002
1LFD_A_B	NA27A	0.7811	-6.93	-8.29	-12.31	-2.95	18.94	-15.13	0.41	0.07	1.42	8.06	4.23	-1.66	0.09	0.0	-1.09	0.0	0.94847	0.16737
1LFD_A_B	NA29A	0.8259	-7.44	-7.26	-12.16	-3.17	18.82	-15.05	0.39	0.08	1.36	8.46	4.26	-2.41	0.1	0.0	-1.14	0.0	0.499205	-0.3266949999999999
1LFD_A_B	YA31F	1.097	-6.93	-6.51	-12.08	-2.65	18.09	-15.03	0.68	0.16	1.51	7.43	3.82	-2.26	0.09	0.0	-1.05	0.0	1.34816	0.25116
1LFD_A_B	SA33A	-0.0293	-6.43	-7.75	-12.36	-2.95	18.68	-15.52	0.41	0.08	1.52	7.76	3.73	-2.02	0.09	0.0	-1.09	0.0	0.948655	0.977955
1LFD_A_B	HA53A	0.7039	-6.41	-7.75	-12.62	-3.34	19.75	-15.35	0.31	0.08	1.62	7.48	4.05	-1.99	0.08	0.0	-0.94	0.0	1.497945	0.7940450000000001
1LFD_A_B	SB239A	-0.4676	-6.95	-8.29	-12.44	-2.96	18.91	-15.52	0.64	0.08	1.51	7.75	3.96	-1.99	0.09	0.0	-1.09	0.0	-0.750615	-0.283015
1LFD_A_B	YB240F	0.402	-6.97	-7.68	-12.41	-2.95	19.02	-15.26	0.41	0.08	1.55	8.03	3.72	-1.94	0.09	0.0	-1.09	0.0	2.147965	1.745965
1LFD_A_B	RB241A	0.7053	-6.92	-8.29	-12.06	-2.75	18.88	-14.79	0.42	0.07	1.52	7.89	3.9	-2.03	0.09	0.0	-1.04	0.0	0.8484149999999999	0.1431149999999998
1LFD_A_B	DB238A	0.696	-6.75	-7.96	-11.86	-1.96	17.01	-14.78	0.33	0.07	1.5	7.89	3.75	-1.73	-0.03	0.0	-0.63	0.0	1.94782	1.2518200000000002
1MHP_HL_A	SL28Q	-0.002	-2.82	-9.88	-15.77	-1.3	26.06	-16.06	1.75	0.42	3.91	5.15	3.38	-2.87	0.1	-0.0	-0.31	0.38	-0.6875666666666667	-0.6855666666666667
1MHP_HL_A	TH50V	0.3541	-2.82	-9.84	-15.74	-1.33	26.1	-15.98	2.08	0.41	3.91	5.03	3.35	-2.85	0.1	-0.0	-0.31	0.38	-0.1316	-0.4857
1MHP_HL_A	LH60D	-0.133	-2.82	-9.88	-15.77	-1.34	26.06	-16.06	1.75	0.42	3.91	5.15	3.3	-2.86	0.1	-0.0	-0.34	0.38	-0.0613	0.0717
1MHP_HL_A	KH64E	-0.1862	-2.82	-9.88	-15.77	-1.41	26.06	-16.06	1.75	0.42	3.91	5.15	3.36	-2.86	0.1	-0.0	-0.38	0.38	-0.0776	0.1086
1MHP_HL_A	KH64Q	-0.1608	-2.82	-9.88	-15.77	-1.34	26.05	-16.06	1.75	0.42	3.91	5.13	3.28	-2.84	0.1	-0.0	-0.33	0.38	-0.0776	0.0832
1PPF_E_I	LI18M	0.5391	-7.07	-1.54	-14.17	0.15	15.77	-19.66	0.88	0.79	3.81	3.94	4.32	-0.86	-0.03	0.0	0.09	0.06	1.22475	0.68565
1PPF_E_I	AI15V	-1.3484	-7.16	-1.52	-15.0	0.16	16.43	-21.52	0.8	0.86	3.9	4.22	4.45	-1.05	-0.03	0.0	0.09	0.06	0.1975	1.5459
1PPF_E_I	TI17S	0.7277	-7.14	-1.4	-13.74	0.14	15.84	-18.99	0.47	0.47	3.89	3.56	4.44	-0.92	-0.03	0.0	0.09	0.05	1.50955	0.7818499999999999
1PPF_E_I	GI32A	3.2617	-7.15	-1.54	-14.4	0.15	16.12	-20.56	4.5	0.6	3.85	3.65	4.78	-0.88	-0.03	0.0	0.09	0.06	0.254	-3.0077
1R0R_E_I	LI18A	1.8277	-8.33	-0.88	-14.08	-0.77	18.51	-17.68	2.86	0.29	2.48	2.65	7.19	-2.28	-0.02	-0.0	-0.01	0.34	0.4143	-1.4134000000000002
1R0R_E_I	LI18M	0.1069	-8.49	-0.88	-15.22	-0.77	19.12	-19.44	2.89	0.33	2.76	3.78	6.76	-2.33	-0.02	-0.0	-0.01	0.34	-0.5091	-0.616
1R0R_E_I	AI15V	-1.883	-8.68	-0.9	-16.35	-0.77	20.0	-21.83	3.15	0.82	2.95	4.01	6.6	-2.29	-0.02	-0.0	-0.01	0.34	-0.95655	0.92645
1R0R_E_I	TI17S	1.008	-8.46	-0.88	-14.77	-0.78	18.98	-18.76	2.87	0.34	2.77	3.62	6.65	-2.14	-0.02	-0.0	-0.01	0.34	0.8471	-0.1609
1R0R_E_I	GI32A	0.0215	-8.56	-0.89	-15.37	-0.77	19.56	-19.97	2.88	0.39	2.89	3.56	6.96	-2.12	-0.02	-0.0	-0.01	0.34	1.2963	1.2748
1TM1_E_I	RI65A	0.8704	-9.2	-1.63	-17.2	-2.02	21.77	-22.52	1.26	0.5	2.47	3.41	6.45	-2.48	0.04	0.0	-0.32	0.37	3.41625	2.54585
1TM1_E_I	RI67A	1.2263	-9.17	-1.64	-17.28	-2.0	21.77	-22.69	1.26	0.5	2.49	3.61	6.32	-2.06	0.05	0.0	-0.23	0.37	3.0093	1.783
1TM1_E_I	TI58A	1.0075	-9.19	-1.63	-16.59	-2.56	20.94	-21.71	1.24	0.46	2.32	3.51	6.32	-2.29	0.16	0.0	-0.44	0.37	2.64905	1.6415499999999998
1TM1_E_I	EI60A	1.5214	-9.16	-1.63	-16.85	-1.83	21.08	-22.12	1.21	0.46	2.47	3.83	6.1	-2.32	0.41	0.0	-0.47	0.37	2.98795	1.46655
1VFB_AB_C	YA32A	2.8924	-4.7	-11.11	-10.96	-1.32	18.32	-11.59	0.38	0.07	1.94	4.29	2.96	-1.59	-0.09	0.0	0.13	0.02	1.52801	-1.3643899999999998
1VFB_AB_C	YA50A	2.3812	-4.77	-10.8	-10.92	-1.0	18.2	-11.47	0.28	0.07	1.91	3.76	2.83	-1.92	-0.09	0.0	0.13	0.02	0.4560499999999999	-1.9251500000000004
1VFB_AB_C	WA92A	2.1818	-4.33	-11.88	-10.48	-1.33	17.95	-10.69	0.3	0.07	1.9	3.78	2.18	-1.52	-0.09	0.0	0.13	0.0	3.0376450000000004	0.8558450000000004
1VFB_AB_C	YB32A	-0.3096	-4.84	-11.63	-11.22	-1.54	18.59	-11.88	0.36	0.08	1.84	3.26	2.36	-1.95	-0.13	0.0	0.14	0.02	0.791605	1.101205
1VFB_AB_C	WB52A	1.5233	-4.77	-12.3	-10.63	-1.22	17.9	-10.98	0.38	0.08	1.84	4.01	2.83	-1.91	-0.09	0.0	0.12	0.02	0.64058	-0.8827200000000001
1VFB_AB_C	DB54A	-0.3546	-4.76	-12.47	-11.48	-1.3	18.45	-12.18	0.36	0.08	1.86	3.89	2.76	-1.92	-0.07	0.0	0.19	0.02	0.81503	1.1696300000000002
1VFB_AB_C	DB100A	0.9923	-4.35	-10.92	-10.95	-0.83	16.62	-11.85	0.33	0.04	1.84	3.84	2.9	-2.26	0.25	0.0	0.08	0.02	3.0048000000000004	2.0125
1VFB_AB_C	YB101F	2.6075	-4.23	-10.2	-11.52	-1.27	18.69	-12.51	0.71	0.09	1.96	3.91	2.85	-2.04	-0.09	0.0	0.13	0.02	1.26946	-1.33804
2G2U_A_B	EB73M	1.0028	-2.62	-8.52	-19.22	-2.82	23.8	-25.42	1.11	0.55	4.71	7.43	1.79	-2.9	0.11	0.24	-0.59	0.12	-3.0039	-4.0067
2WPT_A_B	DA33A	2.0694	-7.46	-10.69	-14.87	-3.36	22.92	-17.43	0.33	0.35	4.41	9.71	3.34	-3.49	-0.53	0.0	-0.9	0.0	-0.775795	-2.845195
2WPT_A_B	NA34A	0.3295	-6.8	-11.6	-14.42	-3.64	22.53	-16.92	0.34	0.34	4.32	9.84	2.19	-4.25	-0.47	0.0	-0.96	0.0	-0.2590949999999999	-0.588595
2WPT_A_B	SB84A	-0.0702	-7.45	-12.23	-15.23	-3.67	23.87	-17.66	0.34	0.36	4.46	10.51	2.68	-4.33	-0.47	0.0	-0.96	0.0	-0.0735266666666666	-0.0033266666666666
2WPT_A_B	FB86A	2.8287	-7.41	-12.11	-13.79	-3.63	23.17	-15.31	0.32	0.33	4.23	10.48	2.73	-4.68	-0.47	0.0	-0.96	0.0	1.5938799999999995	-1.2348200000000005
3D3V_ABC_DE	EE30A	1.2706	-4.0	-8.56	-16.01	-3.11	21.21	-20.41	0.47	0.25	3.89	8.22	2.94	-3.01	-0.14	-0.0	-0.4	-0.0	2.671345	1.400745
3D3V_ABC_DE	YC8A	2.5682	-4.0	-8.56	-15.24	-3.06	20.84	-19.2	0.47	0.25	3.88	8.31	2.51	-3.04	-0.13	-0.0	-0.41	-0.0	3.4118699999999995	0.8436699999999995
3HFM_HL_Y	YY20A	0.8187	-2.85	-8.48	-13.49	-0.65	20.64	-14.42	3.03	1.01	6.17	5.3	5.38	-2.53	0.0	0.0	-0.42	0.0	4.573555000000001	3.754855000000001
3HFM_HL_Y	KY96A	0.45576	-2.79	-7.53	-14.49	-0.61	21.14	-15.03	2.45	1.35	6.21	6.07	5.9	-3.84	0.0	0.0	-0.46	0.0	6.736940000000001	6.281180000000001
3HFM_HL_Y	KY97A	1.06373	-2.9	-10.42	-14.97	0.44	23.26	-15.18	2.96	1.39	6.48	5.84	5.43	-2.93	0.0	0.0	-0.16	0.0	5.861090000000001	4.797360000000001
3HFM_HL_Y	KY97M	0.09293	-2.89	-8.58	-14.44	0.03	21.52	-15.62	3.06	1.07	6.46	5.05	5.37	-2.67	0.0	0.0	-0.09	0.0	0.9469	0.85397
3HFM_HL_Y	RY21A	-0.19794	-2.29	-7.99	-13.43	-0.71	20.78	-14.46	3.07	0.94	6.13	4.55	4.6	-3.15	0.0	0.0	-0.41	0.0	0.9033	1.1012399999999998
3MZG_A_B	HA180A	1.9849	-3.38	-10.76	-22.52	-5.49	33.41	-28.15	0.52	0.25	7.02	10.87	5.89	-4.35	-0.01	0.0	-0.82	0.12	1.487274210526316	-0.4976257894736842
3MZG_A_B	HB188A	1.4728	-3.08	-10.77	-21.98	-5.2	31.83	-27.86	0.47	0.28	6.44	10.47	5.89	-4.24	-0.01	0.0	-0.82	0.07	1.77632	0.30352
3S9D_A_B	LA26A	1.2083	-2.62	-7.39	-18.36	-4.99	21.91	-24.51	6.31	1.79	3.43	10.78	3.51	-2.86	-0.28	0.01	-1.59	0.14	1.1047475	-0.1035524999999999
3S9D_A_B	FA27A	1.9285	-2.6	-7.39	-18.54	-4.92	22.53	-24.61	6.08	1.85	3.49	10.72	3.6	-2.51	-0.28	0.01	-1.52	0.14	0.7101999999999999	-1.2183000000000002
3S9D_A_B	LA30A	2.4348	-2.62	-7.19	-18.7	-4.86	22.74	-24.49	6.18	1.86	3.54	11.0	3.45	-2.63	-0.28	0.01	-1.52	0.14	3.807975	1.3731749999999998
3S9D_A_B	TB44A	0.6846	-2.6	-7.28	-19.29	-4.9	22.55	-26.03	6.3	1.86	3.61	11.45	3.48	-2.57	-0.28	0.01	-1.52	0.14	1.7303133333333334	1.0457133333333335
3S9D_A_B	HB76A	1.4026	-2.6	-5.57	-18.45	-4.82	20.62	-25.21	6.38	1.89	3.48	10.63	3.24	-2.55	-0.03	0.01	-1.49	0.01	0.8233666666666665	-0.5792333333333336
3S9D_A_B	WB100A	3.4697	-2.48	-7.3	-18.02	-4.92	22.07	-23.99	6.31	1.85	3.25	11.17	3.73	-2.66	-0.28	0.01	-1.52	0.14	1.1117333333333337	-2.3579666666666665
3S9D_A_B	LA15A	1.0091	-2.67	-7.36	-19.38	-4.92	23.13	-25.85	6.31	1.86	3.92	11.29	3.36	-2.46	-0.28	0.01	-1.52	0.14	1.5356266666666667	0.5265266666666666
3S9D_A_B	RA144A	0.1388	-2.64	-7.39	-19.61	-4.81	22.84	-26.53	6.31	1.85	3.65	11.7	3.6	-2.96	-0.28	0.01	-1.44	0.14	2.1464133333333333	2.007613333333333
3S9D_A_B	AA145G	0.6751	-2.57	-7.39	-19.3	-4.92	22.76	-25.91	6.31	1.86	3.54	11.35	3.36	-2.58	-0.28	0.01	-1.52	0.14	2.10435	1.42925
3S9D_A_B	MA148A	1.1849	-2.58	-7.39	-19.13	-4.91	22.92	-25.58	6.31	1.86	3.81	11.2	3.4	-2.61	-0.28	0.01	-1.52	0.14	2.253603333333333	1.068703333333333
3S9D_A_B	RA149A	2.2665	-2.68	-6.62	-18.63	-3.87	21.06	-25.73	6.31	1.83	3.55	11.14	3.66	-2.07	-0.27	0.01	-1.37	0.14	3.02072	0.7542199999999997
3S9D_A_B	SA152A	0.6426	-2.61	-5.57	-19.57	-4.79	21.83	-26.85	6.36	1.86	3.58	11.2	3.36	-2.5	-0.03	0.01	-1.49	0.07	1.1221	0.4794999999999999
3S9D_A_B	LA153A	1.0873	-2.65	-7.39	-19.17	-4.72	22.55	-25.67	6.31	1.84	3.77	11.35	3.35	-2.35	-0.28	0.01	-1.52	0.08	1.4468333333333332	0.3595333333333332
3S9D_A_B	IB45A	0.3677	-2.58	-7.39	-19.64	-4.81	22.9	-26.5	6.31	1.86	3.51	11.41	3.56	-2.46	-0.28	0.01	-1.52	0.14	1.85162	1.48392
3S9D_A_B	MB46V	1.3628	-2.7	-7.36	-18.78	-4.95	22.84	-25.05	6.3	1.89	3.68	10.68	3.28	-2.5	-0.28	0.01	-1.52	0.14	2.3738400000000004	1.0110400000000004
3S9D_A_B	EB77A	2.376	-2.6	-6.14	-19.13	-3.9	20.95	-26.12	6.38	1.85	3.52	11.5	3.52	-1.95	-0.09	0.01	-1.34	0.09	2.41446	0.0384600000000001
3S9D_A_B	IB103A	-0.7562	-1.85	-5.86	-16.84	-3.43	18.66	-22.8	1.63	0.8	2.9	9.6	3.42	-2.25	-0.03	0.0	-1.24	0.09	1.6163333333333334	2.372533333333333
3S9D_A_B	DB104A	-2.3878	-1.97	-5.96	-18.11	-3.27	19.13	-25.26	2.01	0.95	2.89	10.55	3.41	-2.12	-0.13	0.0	-1.04	0.09	1.33725	3.72505
3SGB_E_I	LI18A	2.4954	-7.87	-2.51	-11.49	-0.58	15.87	-14.09	2.98	0.02	3.14	1.48	6.27	-1.19	-0.07	0.0	0.0	0.34	2.9314	0.4359999999999999
3SGB_E_I	LI18M	0.106	-8.11	-2.52	-12.79	-0.58	16.56	-16.28	3.08	0.03	3.23	2.48	6.19	-1.56	-0.07	0.0	0.0	0.34	0.447	0.341
3SGB_E_I	AI15V	0.1857	-8.17	-2.57	-13.89	-0.58	17.34	-18.58	5.29	0.08	3.34	2.78	6.05	-1.19	-0.07	0.0	0.0	0.34	-0.7120500000000001	-0.89775
3SGB_E_I	TI17S	1.0873	-8.1	-2.52	-12.3	-0.57	16.53	-15.43	3.07	0.03	3.25	2.35	5.66	-1.24	-0.07	0.0	0.0	0.34	2.4677	1.3803999999999998
3SGB_E_I	GI32A	1.4629	-8.19	-2.59	-12.91	-0.58	16.81	-16.85	5.45	0.03	3.23	2.34	5.56	-1.2	-0.07	0.0	0.0	0.34	1.2755	-0.1874
4FTV_ABC_DE	DD99A	2.6383	-3.88	-7.68	-18.79	-2.33	23.82	-24.34	0.38	0.37	5.91	8.68	4.04	-2.76	0.04	-0.0	-0.07	-0.0	0.896495	-1.741805
4FTV_ABC_DE	RA65A	3.757	-3.94	-7.68	-18.03	-2.5	23.93	-23.11	0.27	0.38	5.95	8.2	3.92	-2.84	-0.02	-0.0	0.02	-0.0	3.50583	-0.2511700000000001
4G0N_A_B	RB59A	2.2666	-5.55	-7.22	-10.61	-3.56	15.42	-12.98	0.15	0.14	1.45	6.85	5.39	-1.93	0.13	0.0	-1.56	-0.0	2.15843	-0.1081700000000003
4G0N_A_B	NB64A	0.1082	-5.5	-8.43	-10.95	-5.18	16.21	-13.18	0.15	0.16	1.47	7.46	5.54	-1.9	0.14	0.0	-2.02	-0.0	0.68061	0.5724100000000001
4G0N_A_B	QB66A	0.9546	-6.08	-9.18	-10.43	-5.23	15.71	-12.43	0.82	0.16	1.41	7.97	5.47	-1.55	0.12	0.0	-1.99	-0.0	2.24224	1.2876399999999997
4G0N_A_B	RB67A	2.1142	-5.48	-6.96	-10.66	-3.77	15.46	-13.01	0.15	0.15	1.47	6.43	5.61	-1.92	0.15	0.0	-1.65	-0.0	1.9411333333333327	-0.1730666666666667
4G0N_A_B	TB68A	1.3741	-5.53	-6.81	-10.92	-5.11	15.97	-13.26	0.13	0.18	1.44	7.59	5.36	-1.95	0.14	0.0	-2.02	-0.0	1.82834	0.4542399999999997
4G0N_A_B	VB69A	1.9015	-5.55	-8.43	-10.33	-4.95	16.05	-11.83	0.14	0.14	1.39	7.43	5.52	-2.02	0.14	0.0	-2.02	-0.0	1.16565	-0.7358499999999999
4G0N_A_B	KB84A	0.5319	-5.5	-7.73	-10.63	-4.33	15.59	-12.71	0.16	0.18	1.45	6.01	4.91	-1.58	0.09	0.0	-1.54	-0.0	2.606786666666667	2.074886666666667
4G0N_A_B	VB88A	1.792	-5.47	-8.41	-10.33	-5.18	16.1	-11.93	0.16	0.18	1.44	7.39	5.25	-1.7	0.14	0.0	-2.02	-0.0	-0.003625	-1.795625
4G0N_A_B	EA31A	0.2819	-5.5	-8.43	-10.9	-4.96	16.2	-13.09	0.16	0.18	1.45	7.35	5.3	-1.93	0.09	0.0	-1.8	-0.0	0.944485	0.662585
4G0N_A_B	DA33A	0.4423	-5.5	-7.73	-10.85	-4.44	15.8	-13.07	0.16	0.18	1.45	6.25	5.36	-1.84	0.09	0.0	-1.57	-0.0	0.8944650000000001	0.452165
4G0N_A_B	DA38A	3.4123	-5.49	-6.24	-10.49	-3.31	14.37	-12.91	0.12	0.18	1.43	7.05	5.55	-1.61	0.03	0.0	-1.43	-0.0	1.649755	-1.762545
4G0N_A_B	RA41A	-0.1134	-5.47	-8.43	-10.28	-5.28	15.27	-12.55	0.12	0.13	1.41	7.49	5.25	-1.8	0.15	0.0	-2.31	-0.0	-0.353725	-0.240325
4G0N_A_B	TA35A	-0.1599	-5.48	-8.43	-10.93	-5.13	16.22	-13.14	0.15	0.18	1.39	7.38	5.42	-2.12	0.14	0.0	-2.01	-0.0	2.662025	2.821925
4K71_A_BC	AA547V	-0.0025	-6.32	-18.11	-27.45	-4.4	39.32	-33.73	0.99	0.22	5.55	15.0	6.04	-7.66	-0.64	0.0	-0.73	0.03	1.4702433333333331	1.4727433333333333
4RS1_A_B	DA112K	1.6888	-8.15	-8.1	-20.53	-4.84	28.88	-25.82	1.2	0.53	5.76	13.81	6.18	-4.12	-0.21	0.13	-1.42	-0.0	3.47677	1.78797
