system	mutation	ddG_foldx	BackHbond	SideHbond	Energy_VdW	Electro	Energy_SolvP	Energy_SolvH	Energy_vdwclash	energy_torsion	backbone_vdwclash	Entropy_sidec	Entropy_mainc	water bonds	helix dipole	loop_entropy	cis_bond	disulfide	kn electrostatic	partial covalent interactions	Energy_Ionisation	Entropy Complex	exp_ddG	diff
1A22_A_B	NB272A,TB273A,QB274A,EB275A	1.5718	-5.16	-10.46	-24.67	-6.64	35.06	-29.46	2.89	0.49	3.85	8.93	6.68	-6.88	0.0	0.0	0.0	-0.0	-1.36	0.0	0.12	2.38	-0.1365	-1.7083
1A22_A_B	SB298A,SB302A,EB320A,KB321A	-0.5372	-5.06	-10.46	-24.62	-6.6	34.7	-29.77	1.44	0.63	3.98	9.11	6.04	-6.68	0.03	0.0	0.0	-0.0	-1.44	0.0	0.12	2.38	-0.895	-0.3578
1A22_A_B	EB383A,KB385A,KB387A,DB390A	0.0049	-5.16	-10.46	-24.97	-6.61	35.1	-30.06	2.82	0.49	3.98	9.06	5.92	-7.06	0.09	0.0	0.0	-0.0	-1.32	0.0	0.12	2.38	0.1201	0.1152
1A22_A_B	PA48A,TA50A,SA51A,LA52F	0.765	-5.14	-10.45	-24.42	-6.41	34.7	-28.94	2.81	0.49	4.04	8.5	5.61	-6.9	0.09	0.0	0.0	-0.0	-1.34	0.0	0.12	2.38	0.6022	-0.1628
1A22_A_B	RA167K,DA171H,IA179V,QA181K	5.4116	-5.14	-10.48	-25.49	-5.19	35.12	-30.67	5.59	0.56	4.01	9.54	5.91	-5.78	0.09	0.0	0.0	-0.0	-0.9	0.0	0.21	2.38	1.9529	-3.4587
1AO7_ABC_DE	AE99M,GE100S,GE101A,RE102E	-1.7604	-3.88	-7.46	-17.35	-2.34	21.79	-22.48	1.98	0.1	5.38	8.34	2.84	-2.66	-0.01	0.0	0.0	0.0	-0.36	0.0	-0.0	2.38	-3.90186	-2.14146
1AO7_ABC_DE	DD26W,RD27F,SD51M,SD100T	-3.7979	-4.69	-6.82	-19.09	-2.69	23.76	-25.05	1.03	0.16	5.44	9.66	2.81	-2.57	0.03	0.0	0.0	0.0	-0.08	0.0	-0.0	2.38	-2.71583	1.08207
1AO7_ABC_DE	RD27F,GD28M,SD51M,SD100T	-4.9784	-4.9	-7.06	-19.64	-2.47	24.27	-26.13	1.2	0.17	5.72	10.13	2.46	-2.56	-0.19	0.0	0.0	0.0	-0.01	0.0	-0.0	2.38	-1.80282	3.17558
1AO7_ABC_DE	RD27F,GD28T,SD51M,SD100T	-3.76	-4.72	-6.82	-18.46	-1.81	22.98	-24.31	0.75	0.36	5.22	9.1	2.36	-2.71	-0.2	0.0	0.0	0.0	-0.03	0.0	-0.0	2.38	-1.60358	2.15642
1AO7_ABC_DE	DD26W,GD28M,SD51M,SD100T	-4.562	-4.93	-6.9	-19.84	-2.15	24.11	-26.13	1.12	0.17	6.05	10.16	2.8	-2.63	0.07	0.0	0.0	0.0	-0.15	0.0	-0.0	2.38	-1.07816	3.48384
1AO7_ABC_DE	DD26W,GD28T,SD51M,SD100T	-3.0253	-4.63	-6.9	-18.67	-2.23	23.26	-24.48	0.85	0.22	5.11	9.63	3.01	-2.74	0.07	0.0	0.0	0.0	-0.15	0.0	-0.0	2.38	-1.23701	1.78829
1AO7_ABC_DE	GD28T,AE99M,GE100S,GE101A	-1.7419	-3.94	-6.06	-18.04	-2.06	22.66	-23.49	1.93	0.2	5.8	7.69	2.4	-2.52	-0.15	0.0	0.0	0.0	-0.09	0.0	-0.0	2.38	-3.85983	-2.11793
1BJ1_HL_VW	HH101Y,YH103I,GH104A,SH105K	-3.7294	-6.67	-10.36	-21.27	0.41	27.3	-26.3	2.07	0.32	1.49	9.41	3.88	-1.47	0.0	0.0	-0.0	-0.0	0.04	0.0	0.59	2.38	-0.4312	3.2982
1BJ1_HL_VW	HH101Y,YH103R,GH104N,SH105T	-2.9847	-6.66	-11.09	-21.43	-0.64	28.08	-26.0	2.14	0.33	1.48	10.25	5.02	-1.76	0.02	0.0	-0.0	-0.0	-0.14	0.0	0.59	2.38	-0.7626	2.2221
1BJ1_HL_VW	TH28D,NH31H,HH101Y,SH105T	-2.3364	-6.71	-8.67	-21.58	-0.04	27.72	-26.68	2.07	0.37	1.49	9.08	4.6	-1.38	-0.08	0.0	-0.0	-0.0	-0.03	0.0	0.67	2.38	-1.7539	0.5825
1BJ1_HL_VW	HH101Y,YH103R,GH104D,SH105N	-1.722	-6.65	-11.13	-21.48	-0.84	28.37	-26.1	3.25	0.34	1.47	10.26	5.21	-1.69	0.0	0.0	-0.0	-0.0	-0.16	0.0	0.59	2.38	-0.9953	0.7267
1BP3_A_B	PA48A,TA50A,SA51A,LA52F	2.5025	-1.76	-10.68	-20.05	-2.49	29.36	-25.02	1.21	1.16	3.1	9.09	4.79	-5.01	-0.03	0.0	0.0	0.0	-0.61	0.0	0.16	2.38	0.246	-2.2565
1CHO_EFG_I	KI13R,AI15R,TI17K,LI18R	3.4275	-8.44	-1.83	-17.96	-2.31	24.86	-20.44	1.04	0.65	4.37	8.05	4.96	-3.43	-0.03	0.0	0.0	-0.0	-0.17	0.0	0.37	2.38	7.91544	4.48794
1CHO_EFG_I	PI14S,AI15L,TI17K,LI18R	2.0332	-8.29	-1.44	-17.15	-2.42	23.03	-20.22	0.99	0.59	4.29	6.89	4.15	-2.17	-0.03	0.0	0.0	-0.0	-0.38	0.0	0.37	2.38	7.19606	5.16286
1CHO_EFG_I	AI15R,TI17K,LI18R,EI19S	4.3591	-9.22	-2.7	-17.81	-1.23	24.12	-19.84	0.91	0.65	4.14	8.81	4.95	-1.95	-0.1	0.0	0.0	-0.0	-0.4	0.0	0.06	2.38	8.27611	3.91701
1CHO_EFG_I	RI21M,KI29Q,GI32S,EI43D	2.2989	-7.74	-0.73	-14.93	-1.12	17.84	-19.74	1.56	0.26	3.87	4.43	5.03	-0.89	-0.03	0.0	0.0	-0.0	-0.13	0.0	0.37	2.38	2.9589	0.66
1CHO_EFG_I	EI10D,RI21M,KI34R,EI43D	1.3445	-7.78	-0.7	-14.55	-1.18	17.12	-19.41	0.77	0.28	3.96	4.31	5.04	-0.87	-0.03	0.0	0.0	-0.0	-0.14	0.0	0.37	2.38	2.4233	1.0788
1CHO_EFG_I	EI10G,LI18M,RI21M,EI43D	0.745	-7.82	-0.71	-15.04	-1.1	17.29	-19.8	0.8	0.19	4.24	4.63	4.74	-0.79	-0.03	0.0	0.0	-0.0	-0.1	0.0	0.37	2.38	2.6607	1.9157
1CHO_EFG_I	EI10D,LI18M,RI21M,EI43D	0.7128	-7.8	-0.71	-14.94	-1.14	17.11	-19.62	0.83	0.23	4.27	4.64	4.59	-0.81	-0.03	0.0	0.0	-0.0	-0.13	0.0	0.37	2.38	2.6903	1.9775
1CHO_EFG_I	EI10D,LI18V,RI21M,EI43D	3.4113	-7.63	-0.74	-14.23	-1.15	16.64	-18.98	2.1	0.91	4.01	3.8	5.17	-0.79	-0.03	0.0	0.0	-0.0	-0.14	0.0	0.37	2.38	6.52035	3.10905
1CHO_EFG_I	LI18M,LI23V,KI29I,EI43K	-0.5317	-7.85	-1.34	-15.48	-2.34	18.81	-19.46	0.83	0.19	4.21	4.87	4.43	-1.19	-0.03	0.0	0.0	-0.0	-0.46	0.0	0.37	2.38	1.0229	1.5546
1CHO_EFG_I	EI10D,KI13M,LI18M,LI23V	-0.6428	-7.91	-1.36	-15.54	-2.3	18.98	-19.56	0.84	0.2	4.19	4.92	4.42	-1.32	-0.03	0.0	0.0	-0.0	-0.46	0.0	0.37	2.38	0.5195	1.1623
1CHO_EFG_I	LI18M,SI51N,HI52R,KI55Q	-0.7207	-7.86	-1.38	-15.72	-2.32	19.33	-19.65	1.15	0.2	3.91	4.73	4.05	-1.3	-0.03	0.0	0.0	-0.0	-0.41	0.0	0.37	2.38	0.2685	0.9892
1CHO_EFG_I	LI18M,YI20H,KI29Q,GI32D	-0.2423	-7.89	-1.39	-16.26	-2.27	21.08	-20.44	1.25	0.22	3.83	4.69	4.32	-1.72	-0.03	0.0	0.0	-0.0	-0.34	0.0	0.43	2.38	4.1743	4.4166
1CHO_EFG_I	EI10D,LI18F,RI21M,EI43D	2.2924	-7.83	-0.71	-15.3	-1.13	17.69	-19.99	2.17	0.28	4.32	4.03	5.49	-0.74	-0.03	0.0	0.0	-0.0	-0.12	0.0	0.37	2.38	1.0229	-1.2695
1CZ8_HL_VW	LL4M,DH28T,HH31N,YH103R	0.2237	-7.17	-11.83	-21.72	-1.43	27.42	-26.22	2.95	0.66	2.85	9.51	3.96	-1.23	-0.0	0.0	-0.0	-0.0	-0.2	0.0	0.11	2.38	0.6217	0.398
1CZ8_HL_VW	LL4M,DH28T,HH31N,YH103W	1.1862	-7.15	-11.79	-21.76	-0.59	27.38	-26.36	3.03	0.61	3.01	9.31	4.22	-1.23	-0.0	0.0	-0.0	-0.0	-0.01	0.0	0.11	2.38	0.7538	-0.4324
1CZ8_HL_VW	LL4M,HH31N,YH101H,TH105S	4.5046	-7.21	-7.75	-21.35	-0.47	27.24	-25.76	2.89	0.62	2.86	8.23	3.72	-1.2	-0.0	0.0	-0.0	-0.0	-0.02	0.0	0.16	2.38	1.5747	-2.9299
1CZ8_HL_VW	LL4M,DH28T,YH101H,TH105S	4.4509	-7.15	-7.75	-21.66	-0.43	27.15	-26.46	2.88	0.62	2.76	8.43	4.36	-1.21	-0.0	0.0	-0.0	-0.0	0.04	0.0	0.2	2.38	1.0321	-3.4188
1CZ8_HL_VW	LL4M,DH28T,HH31N,TH105S	0.9355	-7.18	-10.62	-21.93	-0.89	27.46	-26.68	2.87	0.62	2.87	9.12	3.94	-1.35	-0.0	0.0	-0.0	-0.0	0.03	0.0	0.11	2.38	0.2112	-0.7243
1CZ8_HL_VW	LL4M,DH28T,HH31N,YH101H	4.5523	-7.19	-7.74	-21.07	-0.37	26.81	-25.38	2.95	0.6	2.83	7.4	4.01	-1.02	-0.0	0.0	-0.0	-0.0	-0.0	0.0	0.14	2.38	1.4043	-3.148
1FSS_A_B	TB8V,TB9N,RB11K,HB29R	-0.4346	-4.93	-7.27	-18.97	-3.33	25.12	-25.71	0.62	0.42	4.28	9.83	8.5	-4.66	-0.1	0.0	0.0	0.0	-1.29	0.0	0.02	2.38	-0.3916	0.043
1JRH_LH_I	II35N,PI37S,VI39T,VI41I	0.0	-6.88	-9.19	-15.08	-3.54	21.94	-17.41	0.92	0.79	2.47	6.81	3.42	-1.16	0.0	0.0	0.0	-0.0	-0.63	0.0	0.09	2.38	0.1437	0.1437
1JTG_A_B	RA243A,SA235A,SA130A,DB49A	4.6565	-4.85	-11.27	-21.48	-2.98	29.09	-27.1	2.34	0.3	2.16	9.86	3.76	-4.09	0.01	0.0	0.0	0.0	-0.17	0.0	0.07	2.38	0.8938	-3.7627
1JTG_A_B	SA235A,SA130A,KA234A,DB49A	5.1781	-4.91	-11.27	-21.59	-2.91	29.32	-27.2	2.37	0.29	2.18	10.44	4.04	-4.5	0.01	0.0	0.0	0.0	-0.14	0.0	0.07	2.38	0.6089	-4.5692
1JTG_A_B	RA243A,SA235A,KA234A,DB49A	5.6699	-4.85	-11.27	-21.46	-2.97	29.21	-26.94	2.32	0.3	2.15	10.46	3.88	-4.07	0.01	0.0	0.0	0.0	-0.17	0.0	0.07	2.38	2.03136	-3.63854
1JTG_A_B	KA234A,SA130A,RA243A,DB49A	5.2145	-4.85	-11.27	-21.48	-2.97	29.08	-27.1	2.34	0.29	2.16	10.47	3.78	-4.13	0.01	0.0	0.0	0.0	-0.17	0.0	0.07	2.38	1.49018	-3.72432
1JTG_A_B	KA234A,SA235A,SA130A,RA243A	3.8361	-4.91	-12.72	-22.22	-3.08	31.68	-27.64	2.62	0.3	2.35	10.82	3.19	-5.26	-0.12	0.0	0.0	0.0	-0.06	0.0	0.07	2.38	2.78706	-1.04904
1JTG_A_B	KB74A,FB142A,YB143A,EA104A	7.0308	-3.81	-13.75	-18.75	-3.39	27.59	-22.59	2.19	0.28	2.11	8.82	3.77	-4.09	-0.02	0.0	0.0	0.0	-0.44	0.0	0.07	2.38	2.38777	-4.64303
1JTG_A_B	KB74A,FB142A,YB143A,YA105A	8.4321	-4.1	-13.8	-17.84	-3.03	27.08	-21.47	2.16	0.28	1.86	9.36	3.25	-4.35	-0.02	0.0	0.0	0.0	-0.32	0.0	0.07	2.38	4.22727	-4.20483
1JTG_A_B	KB74A,FB142A,EA104A,YA105A	8.9604	-3.1	-13.59	-17.11	-3.32	25.05	-21.03	2.83	0.27	1.71	8.3	2.96	-3.24	0.0	0.0	0.0	0.0	-0.28	0.0	0.07	2.38	3.12865	-5.83175
1JTG_A_B	KB74A,YB143A,EA104A,YA105A	6.9955	-3.15	-13.14	-18.71	-3.42	27.02	-22.91	2.14	0.36	1.81	8.8	3.18	-3.94	-0.02	0.0	0.0	0.0	-0.44	0.0	0.07	2.38	1.76705	-5.22845
1JTG_A_B	FB142A,YB143A,EA104A,YA105A	8.7862	-3.15	-13.12	-17.27	-3.44	25.78	-20.86	2.11	0.28	1.83	8.1	3.5	-3.87	0.0	0.0	0.0	0.0	-0.49	0.0	0.07	2.38	2.84171	-5.94449
1JTG_A_B	KB74A,FB142A,YB143A,RA243A	8.5516	-4.66	-13.94	-19.16	-1.36	28.18	-23.21	2.23	0.27	2.19	9.64	3.66	-4.27	-0.03	0.0	0.0	0.0	-0.04	0.0	0.07	2.38	5.25518	-3.29642
1JTG_A_B	KB74A,FB142A,YB143A,KA234A	8.4779	-4.67	-14.16	-19.27	-1.85	28.27	-23.27	2.25	0.26	2.16	10.21	4.03	-4.41	-0.02	0.0	0.0	0.0	-0.13	0.0	0.07	2.38	5.46985	-3.00805
1JTG_A_B	KB74A,FB142A,YB143A,SA130A	7.9164	-4.74	-13.02	-19.33	-2.53	28.67	-23.37	2.35	0.28	2.19	9.66	4.12	-5.08	-0.04	0.0	0.0	0.0	-0.28	0.0	0.07	2.38	5.06421	-2.85219
1JTG_A_B	VB165K,DB163K,DB135K,NB89K	-1.327	-4.94	-16.13	-22.76	-6.27	33.46	-27.69	2.3	0.34	2.28	11.56	3.45	-4.78	0.0	0.0	0.0	0.0	-1.09	0.0	0.07	2.38	-3.3589	-2.0319
1JTG_A_B	EA104A,EB73M,KB74A,FB142A	7.1629	-2.15	-12.19	-19.16	-3.77	26.27	-23.77	2.15	0.28	2.12	9.41	3.68	-4.2	0.08	0.0	0.0	0.0	-0.68	0.0	0.07	2.38	2.58948	-4.57342
1MHP_HL_A	TH50V,KH64E,SL28Q,NL52E	0.8366	-3.69	-10.23	-17.69	-2.15	28.2	-18.3	1.94	0.47	4.02	6.13	3.94	-2.92	0.14	0.0	-0.0	0.0	-0.53	0.0	0.5	2.38	-1.2673	-2.1039
1MHP_HL_A	TH33I,SH52T,GH53N,GH54N	0.2208	-3.5	-10.29	-18.61	-1.71	28.97	-19.31	2.88	0.48	4.24	6.31	3.56	-3.49	0.1	0.0	-0.0	0.0	-0.44	0.0	0.23	2.38	1.90745	1.68665
1MHP_HL_A	TH33I,SH52T,GH53Q,GH54F	2.5609	-3.65	-10.33	-19.22	-1.85	29.07	-20.59	5.04	0.66	4.24	7.68	3.48	-2.65	0.1	0.0	-0.0	0.0	-0.44	0.0	0.23	2.38	1.25523	-1.30567
1MLC_AB_E	NA32G,NA92A,SB57V,TB58D	-2.1999	-1.29	-5.08	-13.43	-4.86	18.32	-15.18	1.85	0.6	2.24	3.8	4.12	-2.17	0.0	0.0	0.0	0.0	-0.72	0.0	0.0	2.38	-1.7349	0.465
1MQ8_A_B	CB161L,CB299F,KB287C,KB294C	0.0	-2.98	-4.95	-11.21	0.34	15.22	-14.75	2.08	0.42	1.95	6.84	3.23	-1.48	-0.06	0.0	0.0	0.0	0.44	0.0	0.31	2.38	-1.77394	-1.77394
1MQ8_A_B	CB161L,CB299F,EB284C,EB301C	0.0	-2.98	-4.95	-11.21	0.34	15.22	-14.75	2.08	0.42	1.95	6.84	3.23	-1.48	-0.06	0.0	0.0	0.0	0.44	0.0	0.31	2.38	-1.25552	-1.25552
1MQ8_A_B	CB161L,CB299F,KB160C,TB300C	0.0	-2.98	-4.95	-11.21	0.34	15.22	-14.75	2.08	0.42	1.95	6.84	3.23	-1.48	-0.06	0.0	0.0	0.0	0.44	0.0	0.31	2.38	2.96707	2.96707
1MQ8_A_B	CB161L,CB299F,LB289C,KB294C	0.0	-2.98	-4.95	-11.21	0.34	15.22	-14.75	2.08	0.42	1.95	6.84	3.23	-1.48	-0.06	0.0	0.0	0.0	0.44	0.0	0.31	2.38	3.71822	3.71822
1OHZ_A_B	SB11A,TB12A,SB45A,TB46A	2.9738	-3.56	-4.35	-13.97	-2.59	16.81	-20.16	0.43	0.08	2.58	7.06	1.71	-3.24	-0.31	0.0	0.0	0.0	-0.93	0.0	0.0	2.38	0.0	-2.9738
1PPF_E_I	RI21M,KI29Q,GI32S,EI43D	3.9321	-7.19	-2.44	-15.22	0.26	17.0	-21.57	5.79	0.59	3.88	4.98	4.56	-0.8	-0.03	0.0	0.0	0.0	0.07	0.0	0.06	2.38	0.0704	-3.8617
1PPF_E_I	EI10D,LI18M,RI21M,EI43D	-0.8593	-7.07	-1.54	-14.65	0.28	15.45	-20.86	0.92	0.76	3.81	4.33	4.43	-0.95	-0.03	0.0	0.0	0.0	0.13	0.0	0.06	2.38	0.8196	1.6789
1PPF_E_I	EI10D,LI18V,RI21M,EI43D	1.6449	-7.09	-1.51	-14.0	0.28	15.59	-19.81	1.76	1.28	3.89	3.45	4.32	-0.68	-0.03	0.0	0.0	0.0	0.13	0.0	0.06	2.38	0.0379	-1.607
1PPF_E_I	LI18M,LI23V,KI29I,EI43K	-0.3831	-7.68	-2.04	-14.27	0.25	15.9	-19.75	0.92	0.76	3.85	3.96	4.22	-0.75	-0.03	0.0	0.0	0.0	0.18	0.0	0.06	2.38	1.373	1.7561
1PPF_E_I	EI10D,KI13M,LI18M,LI23V	0.2595	-7.07	-1.54	-14.24	0.34	15.54	-19.92	0.9	0.77	3.82	4.07	4.19	-0.85	-0.03	0.0	0.0	0.0	0.16	0.0	0.06	2.38	1.6053	1.3458
1PPF_E_I	EI10D,LI18F,RI21M,EI43D	3.8028	-7.18	-1.54	-15.29	0.19	16.39	-21.6	6.62	0.85	3.87	3.88	4.39	-0.95	-0.03	0.0	0.0	0.0	0.12	0.0	0.06	2.38	4.48996	0.68716
1QAB_ABCD_E	VA30M,VB30M,VC30M,VD30M	0.0	-1.26	-2.43	-12.26	-1.35	15.97	-16.86	3.26	1.15	5.18	5.58	5.78	-2.43	0.0	0.0	0.0	0.0	-0.61	0.0	0.0	2.38	-0.27033	-0.27033
1QAB_ABCD_E	LA55P,LB55P,LC55P,LD55P	0.0	-1.26	-2.43	-12.26	-1.35	15.97	-16.86	3.26	1.15	5.18	5.58	5.78	-2.43	0.0	0.0	0.0	0.0	-0.61	0.0	0.0	2.38	0.3693	0.3693
1QAB_ABCD_E	LA58H,LB58H,LC58H,LD58H	0.0	-1.26	-2.43	-12.26	-1.35	15.97	-16.86	3.26	1.15	5.18	5.58	5.78	-2.43	0.0	0.0	0.0	0.0	-0.61	0.0	0.0	2.38	-0.07066	-0.07066
1QAB_ABCD_E	TA60A,TB60A,TC60A,TD60A	0.0	-1.26	-2.43	-12.26	-1.35	15.97	-16.86	3.26	1.15	5.18	5.58	5.78	-2.43	0.0	0.0	0.0	0.0	-0.61	0.0	0.0	2.38	0.11985	0.11985
1QAB_ABCD_E	SA85A,SB85A,SC85A,SD85A	-0.78747	-0.78	-1.95	-12.14	-1.35	15.5	-17.22	3.28	1.15	5.19	4.98	5.16	-2.28	0.0	0.0	0.0	0.0	-0.61	0.0	0.0	2.38	0.89925	1.68672
1QAB_ABCD_E	DA99A,DB99A,DC99A,DD99A	1.24055	-1.26	-2.04	-12.01	-0.43	15.22	-16.68	3.16	1.13	5.04	5.39	5.65	-2.03	0.0	0.0	0.0	0.0	-0.32	0.0	0.0	2.38	1.67632	0.43577
1QAB_ABCD_E	SA100E,SB100E,SC100E,SD100E	1.21768	-1.26	-3.25	-12.81	-1.89	17.3	-17.87	3.57	1.16	5.18	7.96	5.25	-1.44	0.0	0.0	0.0	0.0	-0.95	0.0	0.0	2.38	1.63569	0.41801
1QAB_ABCD_E	YA114H,YB114H,YC114H,YD114H	-1.36296	-1.51	-3.25	-12.1	-1.26	16.07	-16.6	2.62	1.12	5.03	5.03	6.02	-2.58	0.0	0.0	0.0	0.0	-0.56	0.0	0.16	2.38	0.67721	2.04017
1QAB_ABCD_E	YA114F,YB114F,YC114F,YD114F	0.07312	-1.71	-2.08	-12.23	-1.35	15.9	-16.83	3.48	1.14	5.18	5.54	5.86	-2.51	0.0	0.0	0.0	0.0	-0.61	0.0	0.0	2.38	-0.38716	-0.46028
1R0R_E_I	PI14S,AI15L,TI17K,LI18R	-0.1929	-8.74	-1.72	-16.33	-0.9	21.59	-20.72	3.3	0.32	3.34	3.91	6.96	-2.49	0.18	0.0	-0.0	0.0	0.06	0.0	0.36	2.38	4.82462	5.01752
1R0R_E_I	RI21M,KI29Q,GI32S,EI43D	-0.0528	-8.93	-0.84	-15.11	-0.36	19.25	-19.6	1.58	0.41	2.94	4.18	7.05	-1.92	-0.13	0.0	-0.0	0.0	-0.01	0.0	0.34	2.38	1.0963	1.1491
1R0R_E_I	EI10D,RI21M,KI34R,EI43D	1.0746	-8.6	-0.46	-14.89	-0.24	18.62	-19.49	2.86	0.34	2.86	3.94	6.81	-2.14	-0.1	0.0	-0.0	0.0	0.05	0.0	0.34	2.38	-0.0809	-1.1555
1R0R_E_I	EI10G,LI18M,RI21M,EI43D	1.2619	-8.55	-0.46	-14.68	-0.37	18.14	-18.99	2.89	0.31	2.75	4.05	6.6	-1.95	-0.1	0.0	-0.0	0.0	-0.02	0.0	0.34	2.38	-0.2369	-1.4988
1R0R_E_I	EI10D,LI18M,RI21M,EI43D	0.9406	-8.52	-0.16	-14.66	-0.3	18.29	-18.91	2.19	0.31	2.74	4.06	6.6	-2.3	-0.1	0.0	-0.0	0.0	0.04	0.0	0.36	2.38	-0.2369	-1.1775
1R0R_E_I	EI10D,LI18V,RI21M,EI43D	3.8756	-8.46	-0.14	-14.25	-0.25	17.87	-18.66	4.42	0.8	2.68	3.23	6.91	-1.93	-0.1	0.0	-0.0	0.0	0.04	0.0	0.34	2.38	2.3494	-1.5262
1R0R_E_I	LI18M,LI23V,KI29I,EI43K	0.0818	-8.52	-0.88	-15.26	-0.81	19.19	-19.47	2.9	0.33	2.8	3.8	6.77	-2.31	-0.02	0.0	-0.0	0.0	-0.03	0.0	0.34	2.38	-0.8268	-0.9086
1R0R_E_I	EI10D,KI13M,LI18M,LI23V	-0.2856	-8.55	-0.9	-15.46	-0.72	19.09	-19.83	2.89	0.31	2.76	4.02	6.79	-2.26	-0.08	0.0	-0.0	0.0	0.03	0.0	0.34	2.38	-1.7306	-1.445
1R0R_E_I	LI18M,SI51N,HI52R,KI55Q	-0.1036	-8.49	-0.88	-15.24	-0.78	19.23	-19.45	2.9	0.32	2.76	3.49	6.79	-2.34	-0.02	0.0	-0.0	0.0	-0.01	0.0	0.34	2.38	-0.63	-0.5264
1R0R_E_I	EI10D,LI18F,RI21M,EI43D	1.2598	-8.64	-0.46	-15.31	-0.3	19.05	-19.66	3.08	0.48	2.97	3.73	7.13	-2.15	-0.11	0.0	-0.0	0.0	0.04	0.0	0.34	2.38	1.1201	-0.1397
1REW_AB_C	DA30A,WA31A,DB30A,WB31A	2.5261	-7.35	-10.97	-19.55	-3.61	24.64	-26.25	0.36	0.45	3.73	9.51	3.18	-3.34	-0.17	0.0	0.0	0.0	-0.92	0.0	0.09	2.38	2.0621	-0.464
1REW_AB_C	FA49A,PA50A,FB49A,PB50A	6.8571	-7.46	-10.92	-18.74	-2.84	23.94	-24.94	0.26	0.82	3.8	9.58	3.77	-3.35	-0.13	0.0	1.3	0.0	-0.96	0.0	0.08	2.38	2.8823	-3.9748
1REW_AB_C	HA39D,SA88A,HB39D,SB88A	0.0036	-7.46	-10.98	-20.86	-3.7	25.43	-28.27	0.42	0.45	3.88	9.84	3.18	-3.49	-0.14	0.0	0.0	0.0	-0.96	0.0	0.09	2.38	0.1833	0.1797
1REW_AB_C	HA39D,LA100A,HB39D,LB100A	0.0013	-7.46	-10.98	-20.86	-3.7	25.43	-28.27	0.42	0.45	3.88	9.83	3.18	-3.49	-0.14	0.0	0.0	0.0	-0.96	0.0	0.09	2.38	0.1187	0.1174
1REW_AB_C	DA30A,AA34D,DB30A,AB34D	-0.0063	-7.46	-10.98	-20.86	-3.68	25.43	-28.27	0.42	0.45	3.88	9.8	3.18	-3.49	-0.17	0.0	0.0	0.0	-0.91	0.0	0.09	2.38	0.476	0.4823
1REW_AB_C	AA34D,DA53A,AB34D,DB53A	0.5781	-7.52	-9.2	-20.57	-3.63	23.99	-28.19	0.4	0.26	3.86	9.52	2.89	-2.9	-0.08	0.0	0.0	0.0	-0.92	0.0	0.09	2.38	-0.1838	-0.7619
1REW_AB_C	DA53A,EA109R,DB53A,EB109R	0.5487	-7.48	-9.17	-20.63	-3.71	24.09	-28.25	0.39	0.27	3.89	9.6	2.89	-2.9	-0.08	0.0	0.0	0.0	-0.99	0.0	0.09	2.38	0.0437	-0.505
1YCS_A_B	MA133L,VA203A,NA239Y,NA268D	0.0189	-4.07	-9.87	-14.38	-5.21	19.74	-15.88	1.49	0.47	2.98	9.72	3.02	-1.54	0.21	0.0	0.0	0.0	-2.16	0.0	0.1	2.38	-0.13657	-0.15547
2B2X_HL_A	VH50T,EH64K,QL28S,YL52N	2.2515	-3.92	-10.32	-17.23	-1.9	27.36	-18.11	2.08	0.64	3.28	7.1	4.03	-3.18	0.11	0.0	-0.0	0.0	-0.33	0.0	0.47	2.38	1.0432	-1.2083
2B2X_HL_A	VH50T,QL28S,YL52N,LH60D	2.168	-3.94	-10.32	-17.18	-2.08	27.31	-18.02	2.07	0.64	3.28	6.98	4.14	-3.03	0.11	0.0	-0.0	0.0	-0.44	0.0	0.47	2.38	0.9014	-1.2666
2B2X_HL_A	VH50T,EH64K,QL28S,YL52R	2.185	-3.92	-10.32	-17.6	-1.83	27.82	-18.52	2.08	0.65	3.28	7.39	4.05	-3.32	0.11	0.0	-0.0	0.0	-0.32	0.0	0.47	2.38	1.888	-0.297
2B2X_HL_A	VH50T,EH64K,QL28S,YL52K	1.9684	-3.92	-10.32	-17.31	-1.88	27.28	-18.33	2.07	0.64	3.28	7.28	4.08	-3.31	0.11	0.0	-0.0	0.0	-0.32	0.0	0.47	2.38	1.7007	-0.2677
2B2X_HL_A	VH50T,EH64K,QL28S,YL52D	2.6273	-3.92	-10.32	-17.12	-1.94	27.18	-18.0	2.09	0.64	3.27	6.96	4.4	-2.99	0.11	0.0	-0.0	0.0	-0.37	0.0	0.47	2.38	1.5439	-1.0834
2B2X_HL_A	EH64K,QL28S,YL52N,SH35V	2.7957	-3.94	-10.33	-17.11	-1.9	27.23	-17.93	2.2	0.64	3.28	7.08	4.37	-3.2	0.11	0.0	-0.0	0.0	-0.34	0.0	0.47	2.38	3.77016	0.97446
2B2X_HL_A	EH64K,QL28S,YL52N,SH35A	2.4723	-3.94	-10.32	-17.24	-1.91	27.27	-18.15	2.12	0.66	3.28	6.97	4.39	-3.05	0.11	0.0	-0.0	0.0	-0.34	0.0	0.47	2.38	3.11891	0.64661
2B2X_HL_A	EH64K,QL28S,YL52N,GH102S	3.7862	-4.01	-10.31	-17.04	-1.9	27.14	-17.82	3.34	0.65	3.28	7.09	3.98	-3.03	0.11	0.0	-0.0	0.0	-0.33	0.0	0.47	2.38	2.71055	-1.07565
2C5D_AB_CD	RA310E,KA312E,RB310E,KA312E	1.7127	-28.29	-29.33	-50.82	-7.39	71.89	-64.35	2.7	1.46	5.22	33.49	16.75	-13.42	0.0	0.0	0.0	-0.0	-4.05	0.0	-0.0	2.38	3.95829	2.24559
2C5D_AB_CD	EC56R,EC59R,ED56R,EC59R	2.1913	-28.38	-31.03	-51.23	-6.47	72.55	-64.76	2.71	1.5	5.23	35.03	15.73	-12.7	0.0	0.0	0.0	-0.0	-3.81	0.0	-0.0	2.38	1.84808	-0.34322
2C5D_A_C	GC32S,DC87G,VC92R,GC127R	0.0567	-10.23	-14.48	-20.77	-5.12	29.84	-25.0	1.54	0.55	3.15	16.29	5.89	-4.19	0.0	0.0	0.0	0.0	-2.63	0.0	0.0	2.38	-1.4824	-1.5391
2G2U_A_B	EB73M,SB130K,FB142W,YB143F	0.6066	-2.7	-8.57	-20.18	-4.37	27.14	-25.96	1.33	0.76	4.56	7.05	1.75	-3.28	0.16	0.0	0.29	0.0	-0.86	0.0	0.12	2.38	-2.01541	-2.62201
2G2U_A_B	DA104A,EB73M,KB74A,FB142A	3.734	-2.56	-8.1	-16.83	-2.4	20.88	-22.19	1.09	0.26	3.14	6.8	1.79	-2.72	0.07	0.0	0.04	0.0	-0.45	0.0	0.12	2.38	-0.9902	-4.7242
2NY7_HL_G	WG95M,MG433A,CG96W,CG275V	0.033	-7.29	-7.14	-16.74	-0.8	21.75	-20.06	1.21	0.12	2.88	7.47	6.33	-3.73	-0.0	0.0	-0.0	0.0	-0.32	0.0	-0.0	2.38	1.15734	1.12434
2NY7_HL_G	KG231C,EG267C,CG109I,CG428Q	-0.0142	-7.29	-7.14	-16.73	-0.78	21.75	-20.04	1.21	0.12	2.87	7.42	6.33	-3.77	-0.0	0.0	-0.0	0.0	-0.32	0.0	-0.0	2.38	0.0408	0.055
2NYY_DC_A	KD30S,YD31D,DD32H,SD61P	2.8399	-5.01	-21.31	-19.13	-3.26	32.04	-21.31	0.88	0.45	4.61	11.59	3.72	-4.37	0.0	0.0	0.68	-0.0	-0.72	0.0	0.57	2.38	0.0496	-2.7903
2OOB_A_B	AA934S,KA935E,AA937E,GA941S	-0.4442	-3.1	-4.13	-8.92	-0.44	10.11	-13.54	0.35	0.16	1.85	6.04	0.99	-0.76	0.15	0.0	0.0	0.0	-0.34	0.0	0.06	2.38	3.1018	3.546
2QJ9_AB_C	AC74T,MC78L,KC79G,YC80L	0.9759	-5.07	-8.55	-17.23	-1.55	18.72	-23.46	0.31	0.37	3.7	8.62	4.48	-4.71	-0.4	0.0	0.0	0.0	-0.77	0.0	0.14	2.38	-0.4619	-1.4378
2QJA_AB_C	TC74A,LC78M,GC79K,LC80Y	-0.9188	-4.75	-12.72	-19.14	-2.4	23.6	-25.1	1.46	0.38	2.89	12.83	5.3	-3.2	-0.42	0.0	0.0	-0.0	-0.92	0.0	0.14	2.38	0.4619	1.3807
2QJA_AB_C	GC42H,DC46E,AC61T,IC62M	-0.3707	-3.95	-9.57	-18.64	-1.08	20.92	-24.86	1.35	0.34	2.25	10.6	5.73	-4.23	-0.46	0.0	0.0	-0.0	-0.67	0.0	0.15	2.38	0.8846	1.2553
2QJB_AB_C	HC42G,EC46D,TC61A,MC62I	1.0514	-3.2	-4.12	-16.98	-1.59	18.22	-23.72	0.45	0.23	2.48	6.97	5.9	-2.62	-0.22	0.0	0.0	0.0	-0.76	0.0	0.16	2.38	-0.8846	-1.936
2VN5_A_B	SB47A,TB48F,TA45A,NA47A	1.7908	-1.55	-5.0	-14.47	-0.86	14.86	-23.02	0.3	0.04	2.32	9.07	1.92	-1.95	-0.06	0.0	0.0	0.0	-0.67	0.0	0.0	2.38	1.6854	-0.1054
2VN5_A_B	SB47A,TB48F,LA87A,LA89A	4.8092	-2.86	-6.39	-13.43	-0.94	16.78	-19.53	0.34	0.04	2.49	7.82	2.48	-1.9	-0.06	0.0	0.0	0.0	-0.72	0.0	0.0	2.38	5.92847	1.11927
2VN5_A_B	SB47A,TB48F,MA135G,KA137A	1.8856	-2.87	-5.51	-14.49	-0.13	15.91	-22.2	0.17	0.01	2.47	7.9	2.03	-1.74	-0.11	0.0	0.0	0.0	-0.28	0.0	0.0	2.38	2.4195	0.5339
2VN5_A_B	SB47A,TB48F,AB16S,LB17T	2.2669	-2.46	-6.99	-14.94	-1.95	18.69	-21.85	0.39	0.04	2.4	9.35	2.04	-2.48	0.08	0.0	0.0	0.0	-0.84	0.0	0.0	2.38	0.3598	-1.9071
2VN5_A_B	SB47A,TB48F,AB16Q,LB17Q	4.1494	-3.09	-5.97	-15.09	-0.97	17.12	-22.3	2.95	0.12	2.31	8.77	2.01	-1.86	-0.06	0.0	0.0	0.0	-0.67	0.0	0.0	2.38	0.1559	-3.9935
2VN5_A_B	SB47A,TB48F,FB19A,LB50A	2.0785	-3.1	-6.35	-14.72	-0.93	17.2	-22.39	0.33	0.04	2.68	9.08	2.39	-1.86	-0.06	0.0	0.0	0.0	-0.72	0.0	0.0	2.38	5.12755	3.04905
2WPT_A_B	NA34V,RA38T,EA39H,RA42E	-0.9858	-5.66	-12.01	-15.76	-4.26	23.89	-18.91	0.48	0.37	4.47	10.25	1.92	-4.02	-0.45	0.0	0.0	0.0	-1.14	0.0	0.0	2.38	-2.9974	-2.0116
3EG5_A_B	TB164N,SB165N,HB166N,HA104F	-3.8198	-5.16	-12.72	-20.1	-1.97	25.4	-26.57	0.74	0.48	4.54	11.99	2.87	-4.17	-1.34	0.0	0.0	0.0	-1.04	0.0	0.03	2.38	-1.30449	2.51531
3G6D_LH_A	TL89S,ML92I,VL93D,TL94K	-0.4826	-5.01	-11.11	-15.21	-7.51	23.19	-19.35	0.37	0.18	2.11	11.06	2.96	-3.69	0.28	0.0	0.0	0.0	-1.98	0.0	0.01	2.38	0.798	1.2806
3HG1_ABC_DE	SE50Y,VE51G,GE52P,IE53F	1.1237	-3.54	-7.16	-16.85	-2.23	24.22	-20.68	2.55	0.55	5.18	7.11	6.24	-3.15	-0.03	0.0	-0.0	-0.0	-0.11	0.0	0.01	2.38	-1.58124	-2.70494
3HG1_ABC_DE	SE50W,VE51G,GE52P,IE53F	1.1645	-3.57	-7.16	-16.84	-2.21	24.22	-20.65	2.42	0.56	5.3	7.05	6.24	-2.93	-0.03	0.0	-0.0	-0.0	-0.11	0.0	-0.0	2.38	-1.77394	-2.93844
3HG1_ABC_DE	SE50F,VE51G,GE52P,IE53Y	1.1172	-3.51	-9.68	-17.14	-2.3	24.77	-21.02	3.53	0.59	5.17	8.23	6.37	-2.81	-0.03	0.0	-0.0	-0.0	-0.09	0.0	0.01	2.38	-2.02553	-3.14273
3HG1_ABC_DE	SE50Y,VE51G,GE52P,IE53Y	0.1623	-3.55	-10.49	-17.24	-2.34	24.71	-21.12	2.57	0.58	5.16	10.29	6.33	-3.64	-0.03	0.0	-0.0	-0.0	-0.13	0.0	0.01	2.38	-1.73006	-1.89236
3IDX_HL_G	WG95M,MG433A,CG96W,CG275V	-0.0989	-4.75	-6.85	-11.44	-2.76	15.63	-15.8	0.41	0.15	0.96	8.1	3.0	-2.58	-0.04	0.0	0.0	0.0	-0.56	0.0	0.0	2.38	-0.64751	-0.54861
3IDX_HL_G	KG231C,EG267C,CG109I,CG428Q	0.0	-4.75	-6.85	-11.44	-2.78	15.63	-15.8	0.41	0.15	0.95	8.36	3.02	-2.73	-0.04	0.0	0.0	0.0	-0.57	0.0	0.0	2.38	-2.37752	-2.37752
3KUD_A_B	KB85A,FB61W,NB71R,VB88I	-3.3874	-5.93	-7.8	-10.67	-4.45	15.73	-12.24	0.26	0.21	1.33	8.37	4.76	-2.27	0.12	0.0	0.0	0.0	-2.12	0.0	0.0	2.38	1.95294	5.34034
3KUD_A_B	KB85A,YA32C,CA118S,NB71R	-3.3472	-5.88	-8.74	-10.26	-4.4	15.15	-11.7	0.26	0.2	1.4	8.24	5.01	-1.77	0.09	0.0	0.0	0.0	-2.17	0.0	0.0	2.38	1.65897	5.00617
3L5X_A_HL	HL91Q,NL92D,EL93L,YL94G	-2.3585	-1.75	-8.64	-10.72	-6.28	17.08	-11.63	1.84	0.15	1.91	7.52	0.6	-1.82	-0.78	0.0	0.0	0.0	-1.12	0.0	0.0	2.38	-1.785	0.5735
3L5X_A_HL	HL91Q,NL92D,EL93I,YL94G	-2.0709	-0.87	-7.99	-10.65	-6.2	16.92	-11.64	0.33	0.15	1.84	7.46	0.46	-1.62	-0.5	0.0	0.0	0.0	-1.14	0.0	0.0	2.38	-1.5503	0.5206
3L5X_A_HL	HL91Q,NL92D,EL93Y,YL94G	-1.9745	-1.77	-8.58	-11.26	-6.09	18.38	-12.19	1.94	0.17	1.94	7.69	0.67	-2.2	-0.79	0.0	0.0	0.0	-1.12	0.0	0.0	2.38	-1.4513	0.5232
3L5X_A_HL	HL91P,NL92L,EL93D,YL94V	-2.0031	-1.19	-7.98	-10.69	-5.77	16.79	-11.75	0.63	0.15	1.82	7.35	0.67	-1.89	-0.34	0.0	0.0	0.0	-1.2	0.0	0.0	2.38	-0.8581	1.145
3L5X_A_HL	HL91P,NL92L,EL93D,YL94T	-2.1893	-1.72	-8.54	-10.78	-6.03	17.39	-11.68	2.05	0.15	1.91	7.27	0.5	-2.08	-0.74	0.0	0.0	0.0	-1.18	0.0	0.0	2.38	-0.81	1.3793
3L5X_A_HL	HL91P,NL92I,EL93D,YL94A	-3.4031	-1.63	-8.4	-10.63	-6.03	16.99	-11.6	0.56	0.16	1.84	7.24	0.52	-2.08	-0.54	0.0	0.0	0.0	-1.16	0.0	0.0	2.38	-0.6466	2.7565
3L5X_A_HL	HL91P,NL92L,EL93D,YL94S	-1.6364	-1.77	-8.45	-10.84	-6.0	17.32	-11.79	1.92	0.25	1.87	7.32	0.62	-1.55	-0.71	0.0	0.0	0.0	-1.16	0.0	0.0	2.38	-0.6327	1.0037
3MZW_A_B	NB23T,AB42S,AB46S,AB54S	0.027	-2.27	-11.13	-14.21	-2.87	18.06	-17.98	1.07	0.2	2.54	9.55	1.78	-2.69	-0.08	0.0	0.0	0.0	-0.75	0.0	0.01	2.38	-0.1132	-0.1402
3MZW_A_B	NB23T,AB42S,AB46S,LB51T	0.0161	-2.26	-11.13	-14.21	-2.87	18.05	-17.98	1.07	0.2	2.54	9.52	1.78	-2.69	-0.08	0.0	0.0	0.0	-0.75	0.0	0.01	2.38	-0.1452	-0.1613
3MZW_A_B	NB23T,AB42S,AB46S,LB51Y	0.0161	-2.26	-11.13	-14.21	-2.87	18.05	-17.98	1.07	0.2	2.54	9.52	1.78	-2.69	-0.08	0.0	0.0	0.0	-0.75	0.0	0.01	2.38	-0.0539	-0.07
3NGB_HL_G	AH56G,VH57T,PH62K,VH73T	0.7459	-8.97	-15.81	-17.38	-3.87	29.68	-17.72	0.49	0.19	2.59	10.0	9.62	-3.45	-0.1	0.0	0.0	0.0	-0.68	0.0	-0.0	2.38	1.67329	0.92739
3SE3_B_A	YB57H,NB58E,SB61Q,YB89A	6.7764	-2.7	-11.35	-20.2	-5.07	25.21	-27.53	14.2	1.99	4.64	12.21	1.68	-2.28	0.09	0.0	0.0	-0.0	-1.05	0.0	0.03	2.38	3.12543	-3.65097
3SE3_B_A	YB57H,NB58E,SB61Q,VB99A	3.7951	-2.9	-11.22	-20.83	-4.36	26.07	-28.08	9.55	1.95	4.77	13.99	1.95	-2.84	0.1	0.0	0.0	-0.0	-1.14	0.0	0.02	2.38	2.48684	-1.30826
3SE3_B_A	YB57H,NB58E,SB61Q,IB116A	7.5722	-2.58	-11.71	-20.82	-4.66	27.0	-27.59	12.44	2.0	4.61	14.18	1.86	-3.14	0.15	0.0	0.0	-0.0	-1.17	0.0	0.05	2.38	2.32593	-5.24627
3SE3_B_A	YB57H,NB58E,SB61Q,LB117A	4.7527	-2.53	-11.43	-20.06	-4.35	26.13	-26.73	9.31	1.81	4.48	13.41	1.83	-3.17	0.1	0.0	0.0	-0.0	-1.15	0.0	0.03	2.38	2.89674	-1.85596
3SE3_B_A	YB57H,NB58E,SB61Q,RB120A	1.2179	-2.98	-10.09	-20.05	-2.29	23.65	-28.44	6.73	1.92	4.84	13.31	1.68	-2.8	-0.14	0.0	0.0	-0.0	-0.85	0.0	0.02	2.38	2.83494	1.61704
3SE3_B_A	YB57H,NB58E,SB61Q,RB120K	0.8861	-2.96	-13.05	-22.11	-3.56	28.1	-30.57	8.42	2.44	4.97	14.52	1.62	-2.62	0.05	0.0	0.0	-0.0	-1.02	0.0	0.08	2.38	2.60946	1.72336
3SE3_B_A	YB57H,NB58E,SB61Q,KB121A	8.7488	-2.15	-11.58	-21.12	-4.44	25.84	-28.3	15.98	1.79	4.66	12.52	1.59	-2.15	0.07	0.0	0.0	-0.0	-0.89	0.0	0.03	2.38	2.60946	-6.13934
3SE3_B_A	YB57H,NB58E,SB61Q,KB131A	4.7864	-3.08	-13.55	-22.18	-4.63	27.7	-29.66	14.83	2.17	4.85	14.43	1.6	-3.48	0.02	0.0	0.0	-0.0	-1.01	0.0	0.08	2.38	2.68017	-2.10623
3SGB_E_I	KI13R,AI15R,TI17K,LI18R	1.6958	-8.28	-2.44	-15.0	-0.25	20.14	-17.65	3.34	0.14	3.19	4.81	5.13	-1.83	0.01	0.0	0.0	0.0	-0.11	0.0	0.34	2.38	5.51527	3.81947
3SGB_E_I	AI15R,TI17K,LI18R,RI21L	0.9411	-8.09	-2.9	-14.96	-0.56	20.87	-17.9	3.43	0.12	3.24	4.31	5.05	-1.94	-0.03	0.0	0.0	0.0	-0.14	0.0	0.34	2.38	6.88509	5.94399
3SGB_E_I	PI14S,AI15L,TI17K,LI18R	0.3156	-8.2	-3.39	-15.4	-1.12	20.59	-19.34	4.57	0.19	3.3	4.9	6.4	-2.31	0.06	0.0	0.0	0.0	-0.31	0.0	0.34	2.38	4.90555	4.58995
3SGB_E_I	AI15R,TI17K,LI18R,EI19S	-2.563	-9.64	-4.21	-15.45	-0.27	20.78	-17.82	0.25	0.27	3.17	6.06	6.69	-2.42	0.06	0.0	0.0	0.0	-0.23	0.0	0.01	2.38	7.09453	9.65753
3SGB_E_I	RI21M,KI29Q,GI32S,EI43D	2.4683	-8.14	-2.59	-12.88	-0.47	17.22	-16.62	5.53	0.03	3.2	2.46	5.73	-1.38	-0.16	0.0	0.0	0.0	0.06	0.0	0.34	2.38	2.0757	-0.3926
3SGB_E_I	EI10D,RI21M,KI34R,EI43D	0.5964	-8.08	-2.61	-12.54	-0.31	16.46	-16.34	3.07	0.03	3.28	2.68	5.63	-0.83	-0.16	0.0	0.0	0.0	-0.07	0.0	0.34	2.38	-0.1394	-0.7358
3SGB_E_I	EI10G,LI18M,RI21M,EI43D	0.7398	-8.05	-2.56	-12.52	-0.28	16.14	-16.07	3.08	0.03	3.23	2.94	5.82	-1.2	-0.16	0.0	0.0	0.0	-0.09	0.0	0.34	2.38	0.8983	0.1585
3SGB_E_I	EI10D,LI18M,RI21M,EI43D	0.6096	-8.06	-2.56	-12.61	-0.31	16.27	-16.19	3.08	0.03	3.26	2.87	5.99	-1.37	-0.16	0.0	0.0	0.0	-0.05	0.0	0.34	2.38	0.4698	-0.1398
3SGB_E_I	EI10D,LI18V,RI21M,EI43D	-0.1636	-8.02	-2.47	-12.07	0.53	16.08	-15.63	0.33	0.96	3.26	2.28	5.83	-1.24	-0.22	0.0	0.0	0.0	0.12	0.0	0.01	2.38	2.9921	3.1557
3SGB_E_I	LI18M,LI23V,KI29I,EI43K	0.1385	-8.11	-2.52	-12.79	-0.54	16.56	-16.27	3.08	0.03	3.23	2.43	6.2	-1.56	-0.07	0.0	0.0	0.0	0.04	0.0	0.34	2.38	0.8083	0.6698
3SGB_E_I	EI10D,KI13M,LI18M,LI23V	0.4453	-7.2	-1.68	-12.76	-0.19	15.28	-16.51	3.08	0.03	3.27	2.32	5.7	-1.26	-0.09	0.0	0.0	0.0	0.05	0.0	0.34	2.38	0.0764	-0.3689
3SGB_E_I	LI18M,SI51N,HI52R,KI55Q	-0.3216	-8.13	-2.52	-12.83	-0.75	16.53	-16.37	3.08	0.03	3.23	2.48	6.19	-1.55	-0.07	0.0	0.0	0.0	-0.08	0.0	0.34	2.38	0.2248	0.5464
3SGB_E_I	EI10D,LI18F,RI21M,EI43D	-0.0503	-8.14	-2.64	-13.01	-0.28	16.88	-16.57	3.15	0.01	3.28	2.41	5.6	-0.91	-0.16	0.0	0.0	0.0	-0.06	0.0	0.34	2.38	0.7685	0.8188
3U82_A_B	TB63A,QB64A,EB125A,NB133A	3.85551	-1.98	-0.59	-13.51	-0.21	15.04	-18.53	7.09	0.08	2.3	4.43	5.67	-2.14	-0.02	0.0	0.0	-0.0	-0.1	0.0	0.0	2.38	-1.0102	-4.86571
4FTV_ABC_DE	ME99A,SE100G,AE101G,QE102R	0.1116	-5.07	-11.23	-18.33	-4.44	25.44	-22.49	0.26	0.3	5.81	9.99	3.69	-2.67	-0.27	0.0	-0.0	0.0	-0.22	0.0	-0.0	2.38	3.95836	3.84676
4G0N_A_B	FB61W,RB67L,NB71R,VB88I	-1.4679	-6.74	-8.34	-12.6	-5.12	18.32	-15.31	0.9	0.18	1.49	8.73	5.2	-1.67	0.21	0.0	0.0	0.0	-2.21	0.0	0.0	2.38	0.60315	2.07105
4G0N_A_B	FB61W,VB69E,NB71R,VB88I	-0.0018	-6.44	-9.21	-11.81	-5.25	18.64	-13.41	0.18	0.16	1.39	8.24	5.5	-1.85	0.14	0.0	0.0	0.0	-1.89	0.0	0.0	2.38	1.81781	1.81961
4G0N_A_B	YA32C,CA118S,NB71R,AB85K	-2.5416	-6.38	-8.51	-12.11	-7.48	19.15	-14.04	0.2	0.17	1.51	9.22	4.63	-1.68	0.21	0.0	0.0	0.0	-2.9	0.0	0.0	2.38	-1.73007	0.81153
4K71_A_BC	MA418V,AA420T,GA505R,AA547V	5.0172	-6.33	-17.91	-29.48	-4.47	41.45	-36.14	8.49	0.27	5.98	15.39	5.89	-8.04	-0.65	0.0	0.0	-0.0	-0.95	0.0	0.03	2.38	2.88986	-2.12734
4MNQ_ABC_DE	AD94S,LD95G,PD96T,GD98K	2.6953	-4.99	-12.51	-21.3	-3.58	30.33	-26.9	2.79	1.19	4.48	10.26	4.25	-3.78	-0.27	0.0	0.02	0.0	-0.56	0.0	0.05	2.38	0.9226	-1.7727
4MNQ_ABC_DE	HE51W,PE52E,EE53F,YE54E	-0.9133	-4.9	-13.46	-21.93	-4.23	30.68	-28.25	3.17	0.96	4.79	11.27	3.94	-4.67	-0.27	0.0	-0.0	0.0	-0.91	0.0	0.01	2.38	0.2595	1.1728
4MYW_A_B	TB63A,QB64A,EB125A,NB133A	2.6352	-3.09	-3.96	-16.67	-0.99	17.81	-23.11	0.23	0.11	3.28	7.31	4.03	-2.63	0.0	0.0	0.0	0.0	-0.2	0.0	0.03	2.38	-0.5295	-3.1647
4NKQ_C_AB	DB281A,VB282A,RB283A,IB284A	2.57858	-3.89	-7.39	-11.25	-2.64	16.51	-13.51	0.14	0.21	2.12	10.68	4.47	-1.93	0.16	0.0	0.0	0.0	-0.48	0.0	0.08	2.38	-0.1201	-2.69868
4OFY_A_D	QA54A,MA56A,FA60A,SA107A	6.4056	-3.11	-3.65	-8.79	-1.57	11.89	-11.05	0.36	0.34	1.16	4.45	4.66	-3.04	0.0	0.0	-0.0	-0.0	-0.58	0.0	0.0	2.38	4.45933	-1.94627
4RS1_A_B	NB137A,SB138A,KB139A,RB140A	0.7548	-7.95	-8.12	-19.01	-5.24	27.71	-23.88	0.91	0.49	5.59	13.12	5.51	-4.47	-0.22	0.0	0.0	-0.0	-1.45	0.0	0.0	2.38	-0.0464	-0.8012
4UYP_A_D	ID51S,ND52I,SD15I,ID16N	8.6398	-3.24	-8.47	-15.28	-3.13	20.43	-20.32	5.64	0.28	3.61	7.23	1.82	-1.76	-1.14	0.0	0.0	0.0	-0.39	0.0	0.0	2.38	-0.2183	-8.8581
4UYP_A_D	RD14N,KD50N,SD15I,ID16N	1.6775	-4.04	-5.94	-15.34	-2.42	18.89	-20.41	0.13	0.05	3.05	5.42	1.78	-1.99	-1.14	0.0	0.0	0.0	-0.28	0.0	0.0	2.38	0.7119	-0.9656
4UYP_A_D	AD18F,AD54F,SD15I,ID16N	-0.4046	-3.96	-8.76	-15.29	-3.39	19.42	-20.5	0.51	0.1	2.98	5.16	2.18	-1.42	-1.07	0.0	0.0	0.0	-0.34	0.0	0.0	2.38	4.8356	5.2402
4UYP_A_D	LD20Y,LD56Y,SD15I,ID16N	0.4845	-4.04	-9.62	-15.98	-3.27	20.55	-21.14	1.91	0.1	3.1	7.19	1.33	-1.95	-1.13	0.0	0.0	0.0	-0.45	0.0	0.0	2.38	0.2481	-0.2364
4UYP_A_D	DD23Q,DD59Q,SD15I,ID16N	1.9806	-3.99	-9.1	-15.43	-2.76	19.17	-20.99	1.11	0.06	2.93	8.56	2.23	-2.12	-1.14	0.0	0.0	0.0	-0.59	0.0	0.0	2.38	4.6205	2.6399
4UYQ_A_B	IB15S,NB16I,SB51I,IB52N	9.176	-4.9	-8.49	-16.21	-2.31	20.93	-21.0	6.2	0.47	3.49	7.82	1.89	-2.21	-1.33	0.0	0.0	0.0	-0.33	0.0	0.0	2.38	0.2183	-8.9577
4UYQ_A_B	RB14N,KB50N,SB51I,IB52N	2.0478	-5.71	-6.94	-16.38	-2.07	20.0	-21.65	0.46	0.16	2.95	6.66	2.0	-1.69	-1.25	0.0	0.0	0.0	-0.18	0.0	0.0	2.38	0.9302	-1.1176
4UYQ_A_B	AB18F,AB54F,SB51I,IB52N	-0.1069	-5.65	-9.35	-16.82	-3.69	21.46	-21.75	0.81	0.21	2.92	7.39	1.86	-1.61	-1.21	0.0	0.0	0.0	-0.42	0.0	0.0	2.38	5.0539	5.1608
4UYQ_A_B	LB20Y,LB56Y,SB51I,IB52N	0.9594	-5.73	-9.15	-17.09	-3.03	21.46	-21.98	1.19	0.21	3.17	7.97	1.81	-1.65	-1.26	0.0	0.0	0.0	-0.43	0.0	0.0	2.38	0.4664	-0.493
4UYQ_A_B	DB23Q,DB59Q,SB51I,IB52N	1.5695	-6.46	-10.89	-18.0	-2.58	23.45	-22.6	1.74	0.17	3.08	10.0	1.5	-1.52	-1.33	0.0	0.0	0.0	-0.55	0.0	0.0	2.38	4.8388	3.2693
4YFD_A_B	EA234G,LA235S,RA236S,EA237G	0.9506	-3.57	-13.01	-27.16	-8.13	35.97	-36.5	0.97	0.59	2.45	17.35	7.88	-7.28	-0.19	0.0	-0.0	-0.0	-2.24	0.0	-0.0	2.38	-0.0359	-0.9865
4YH7_A_B	EA234G,LA235S,RA236S,EA237G	0.291	-1.35	-4.7	-20.64	-4.06	23.95	-27.95	0.95	0.29	1.86	12.0	9.19	-4.94	0.0	0.0	-0.0	0.0	-2.32	0.0	0.0	2.38	-0.04085	-0.33185
4YH7_A_B	MB75A,YB77A,PB88A,FB91A	4.25	-0.89	-4.28	-17.96	-3.96	21.44	-24.01	0.74	0.23	1.48	10.82	8.95	-4.45	0.0	0.0	0.0	0.0	-2.26	0.0	0.0	2.38	1.73308	-2.51692
5E9D_AB_CDE	GD28R,TD91Q,VE50E,AE99D	-2.3106	-8.17	-9.74	-27.62	-4.89	39.45	-38.08	1.0	0.2	2.88	10.63	4.0	-5.07	0.1	0.0	0.0	-0.0	-0.39	0.0	0.09	2.38	-3.12462	-0.81402
5E9D_AB_CDE	GD28E,TD91Q,VE50D,AE99E	-0.8619	-8.42	-9.99	-27.38	-4.41	39.23	-38.01	0.99	0.2	2.9	11.72	4.05	-4.49	-0.3	0.0	0.0	-0.0	-0.32	0.0	0.09	2.38	-2.63502	-1.77312
5E9D_AB_CDE	GD28R,TD91Q,VE50E,AE99V	-0.991	-8.54	-9.45	-27.75	-4.58	39.89	-38.26	1.09	0.21	2.86	10.82	3.9	-4.49	0.08	0.0	0.0	-0.0	-0.18	0.0	0.09	2.38	-2.75802	-1.76702
5UFE_A_B	GA12D,QB27R,EB35G,DB36G	1.0692	-2.33	-1.97	-14.92	-1.78	14.37	-21.77	1.41	0.09	1.17	5.62	2.48	-1.67	0.07	0.0	0.0	0.0	-0.6	0.0	-0.0	2.38	-0.9221	-1.9913
1AO7_ABC_DE	AE99M,GE100S,GE101A,RE102Q	-0.8705	-4.69	-6.83	-17.66	-2.16	22.91	-22.75	2.09	0.09	5.38	9.16	2.36	-2.8	-0.12	0.0	0.0	0.0	-0.21	0.0	-0.0	2.38	-3.9392449999999997	-3.068745
1CHO_EFG_I	PI14S,AI15R,TI17P,LI18R	3.6464	-8.24	-1.36	-16.54	-2.02	22.62	-18.64	0.86	0.58	4.18	6.31	3.99	-2.09	-0.03	0.0	0.0	-0.0	-0.26	0.0	0.37	2.38	8.35278	4.706379999999999
1LFD_A_B	MA30K,DA51K,DA58K,DA94K	0.3315	-6.06	-7.91	-12.4	-4.03	20.26	-14.82	0.35	0.07	1.05	7.51	3.35	-2.44	0.47	0.0	0.0	0.0	-1.37	0.0	0.0	2.38	-1.3285900000000002	-1.6600900000000003
1MHP_HL_A	TH50V,KH64E,SL28Q,NL52Y	0.5232	-3.71	-10.35	-17.75	-2.22	28.21	-18.39	1.94	0.47	4.06	6.15	4.01	-2.89	0.14	0.0	-0.0	0.0	-0.61	0.0	0.5	2.38	-1.08445	-1.60765
1MLC_AB_E	NA92A,TB28D,SB57V,TB58D	-3.3208	-1.29	-5.08	-13.81	-4.82	18.86	-15.62	1.85	0.64	2.3	3.89	3.34	-2.43	0.0	0.0	0.0	0.0	-0.71	0.0	0.0	2.38	-2.3288333333333333	0.9919666666666669
1YQV_HL_Y	RY68K,TY40S,IY55V,SY91T	3.0529	-5.21	-6.52	-13.82	-2.5	20.55	-15.17	0.5	0.21	1.78	6.06	5.82	-3.6	-0.04	0.0	0.0	-0.0	-0.5	0.0	-0.0	2.38	5.1672166666666675	2.1143166666666673
2B2X_HL_A	VH50T,EH64Q,QL28S,YL52N	2.2454	-3.92	-10.32	-17.15	-1.94	27.27	-17.99	2.07	0.64	3.28	6.91	4.0	-3.0	0.11	0.0	-0.0	0.0	-0.35	0.0	0.47	2.38	0.9656	-1.2798
2B2X_HL_A	VH50T,EH64D,QL28S,YL52N	2.5032	-3.92	-10.32	-17.25	-2.0	27.36	-18.14	2.07	0.64	3.28	7.15	4.43	-3.15	0.11	0.0	-0.0	0.0	-0.39	0.0	0.47	2.38	0.8717999999999999	-1.6314000000000002
2B2X_HL_A	VH50T,EH64N,QL28S,YL52N	2.1361	-3.92	-10.32	-17.25	-1.94	27.36	-18.14	2.07	0.64	3.28	7.12	3.98	-3.13	0.11	0.0	-0.0	0.0	-0.35	0.0	0.47	2.38	1.0069	-1.1292
2B2X_HL_A	VH50T,EH64K,QL28S,YL52E	2.1981	-3.92	-10.32	-17.23	-1.92	27.31	-18.16	2.07	0.64	3.28	7.15	4.03	-3.12	0.11	0.0	-0.0	0.0	-0.35	0.0	0.47	2.38	0.9544999999999999	-1.2436000000000003
3SE3_B_A	YB57H,NB58E,SB61Q,QB62A	1.3301	-2.69	-11.94	-20.8	-3.71	26.25	-28.29	7.36	1.89	4.61	14.57	1.75	-3.72	0.15	0.0	0.0	-0.0	-1.11	0.0	0.07	2.38	2.4898350000000002	1.1597350000000002
3SE3_B_A	YB57H,NB58E,SB61Q,FB64A	5.0573	-2.41	-8.63	-19.98	-2.94	25.42	-27.43	6.58	1.81	4.69	14.22	1.77	-4.0	0.1	0.0	0.0	-0.0	-1.04	0.0	0.03	2.38	2.849765	-2.2075349999999996
3SE3_B_A	YB57H,NB58E,SB61Q,NB65A	-5.3846	-2.55	-10.34	-20.96	-4.66	24.88	-29.26	3.27	0.8	4.63	13.72	1.62	-2.5	0.09	0.0	0.0	-0.0	-1.06	0.0	0.03	2.38	3.093325	8.477924999999999
3SE3_B_A	YB57H,NB58E,SB61Q,SB68A	3.8702	-2.77	-12.96	-21.41	-4.37	26.89	-29.04	13.7	2.41	4.69	13.13	1.26	-3.55	0.05	0.0	0.0	-0.0	-1.06	0.0	0.05	2.38	2.5452500000000002	-1.3249499999999999
3SE3_B_A	YB57H,NB58E,SB61Q,TB69A	4.8842	-2.6	-11.67	-21.46	-5.11	26.52	-29.15	13.95	1.85	4.67	13.42	1.69	-3.15	0.09	0.0	0.0	-0.0	-1.08	0.0	0.03	2.38	2.9091	-1.9750999999999999
3SE3_B_A	YB57H,NB58E,SB61Q,KB70A	3.3869	-2.4	-8.58	-21.24	-3.24	26.18	-29.11	8.16	1.88	4.9	13.07	1.74	-3.55	0.05	0.0	0.0	-0.0	-1.14	0.0	0.03	2.38	2.695005	-0.6918949999999997
3SE3_B_A	YB57H,NB58E,SB61Q,DB71A	5.8979	-3.03	-13.62	-22.19	-5.27	27.83	-29.61	16.31	1.96	4.82	14.45	1.6	-3.13	0.09	0.0	0.0	-0.0	-1.11	0.0	0.08	2.38	2.43933	-3.45857
3SE3_B_A	YB57H,NB58E,SB61Q,SB73A	4.7178	-2.5	-12.2	-21.45	-3.54	26.99	-29.22	11.95	1.87	4.83	14.22	1.93	-3.79	0.09	0.0	0.0	-0.0	-1.19	0.0	0.03	2.38	2.77496	-1.9428400000000003
3SE3_B_A	YB57H,NB58E,SB61Q,TB79A	0.7243	-3.03	-13.59	-21.87	-4.28	27.02	-29.34	10.92	1.99	4.78	14.7	1.59	-4.0	0.04	0.0	0.0	-0.0	-1.06	0.0	0.09	2.38	2.3584699999999996	1.6341699999999997
3SE3_B_A	YB57H,NB58E,SB61Q,LB80A	7.1801	-2.02	-10.43	-21.6	-3.94	26.28	-29.25	14.64	2.1	5.12	12.94	1.43	-3.55	0.18	0.0	0.0	-0.0	-1.18	0.0	0.03	2.38	3.415465	-3.764635
3SE3_B_A	YB57H,NB58E,SB61Q,KB83A	1.035	-2.06	-13.01	-21.33	-4.71	25.78	-28.59	10.59	1.97	4.79	13.79	1.29	-3.3	0.05	0.0	0.0	-0.0	-1.06	0.0	0.08	2.38	2.36451	1.3295100000000002
3SE3_B_A	YB57H,NB58E,SB61Q,YB85A	7.5147	-2.61	-13.78	-21.32	-4.15	27.44	-28.48	15.06	1.82	5.57	14.91	1.24	-3.17	0.19	0.0	0.0	-0.0	-1.2	0.0	0.04	2.38	2.98434	-4.53036
3SE3_B_A	YB57H,NB58E,SB61Q,TB86A	2.2079	-3.05	-11.41	-21.06	-4.5	25.65	-28.41	9.34	1.89	4.99	14.2	1.54	-2.57	0.05	0.0	0.0	-0.0	-1.04	0.0	0.03	2.38	2.7411199999999996	0.5332199999999996
3SE3_B_A	YB57H,NB58E,SB61Q,QB90A	4.1576	-2.44	-11.35	-21.12	-5.02	26.26	-28.58	12.27	1.81	4.71	12.68	1.67	-2.6	0.07	0.0	0.0	-0.0	-1.07	0.0	0.02	2.38	2.348335	-1.8092650000000003
3SE3_B_A	YB57H,NB58E,SB61Q,NB93A	4.4222	-2.48	-11.86	-21.46	-4.87	26.11	-29.45	13.8	1.86	4.63	13.94	1.68	-3.43	0.08	0.0	0.0	-0.0	-1.07	0.0	0.03	2.38	2.82742	-1.59478
3SE3_B_A	YB57H,NB58E,SB61Q,EB96A	7.6662	-2.87	-9.76	-20.37	-3.17	25.21	-27.71	10.83	1.9	5.09	13.55	1.93	-2.77	0.19	0.0	0.0	-0.0	-0.85	0.0	0.02	2.38	2.76081	-4.90539
3SGB_E_I	PI14S,AI15R,TI17P,LI18R	1.7818	-9.13	-3.15	-14.54	-0.37	19.64	-16.89	3.77	0.11	3.28	3.92	6.35	-1.57	-0.05	0.0	0.0	0.0	0.02	0.0	0.34	2.38	8.10275	6.32095
4K71_A_BC	MA418V,AA420T,GA505E,AA547V	5.8159	-5.94	-16.38	-28.51	-4.42	41.19	-35.5	5.35	0.42	5.54	15.43	5.87	-8.03	-0.66	0.0	0.0	-0.0	-0.49	0.0	0.03	2.38	3.63476	-2.18114
4RA0_A_C	SC32G,GC87D,AC92V,RC127G	-1.786	-10.9	-10.43	-20.38	-4.93	29.05	-25.14	0.17	0.22	1.56	14.12	8.86	-4.35	0.18	0.0	-0.0	0.0	-2.67	0.0	-0.0	2.38	1.18285	2.9688499999999998
