system	mutation	ddG_foldx	BackHbond	SideHbond	Energy_VdW	Electro	Energy_SolvP	Energy_SolvH	Energy_vdwclash	energy_torsion	backbone_vdwclash	Entropy_sidec	Entropy_mainc	water bonds	helix dipole	loop_entropy	cis_bond	disulfide	kn electrostatic	partial covalent interactions	Energy_Ionisation	Entropy Complex	exp_ddG	diff
1A22_A_B	KB403A,DB405A,KB406A,EB407A,EB409A	0.0	-5.12	-10.87	-25.12	-6.8	35.21	-30.23	3.07	0.54	3.98	9.77	5.32	-6.97	0.1	0.0	0.0	-0.0	-1.27	0.0	0.12	2.38	1.1196	1.1196
1A22_A_B	NA12R,MA14V,LA15V,RA16L,RA19Y	-0.3835	-5.19	-10.87	-25.21	-6.79	35.02	-30.43	3.08	0.52	4.1	10.44	5.26	-7.53	0.1	0.0	0.0	-0.0	-1.17	0.0	0.14	2.38	1.6798	2.0633
1A22_A_B	QA46H,NA47D,PA48S,QA49E,LA52F	-1.1692	-5.64	-12.72	-25.98	-6.52	36.56	-30.45	3.14	0.56	4.06	10.62	5.03	-7.1	0.08	0.0	0.0	-0.0	-1.13	0.0	0.14	2.38	1.1814	2.3506
1A22_A_B	EA88G,QA91Y,FA92H,RA94T,SA95E	0.003	-5.12	-10.87	-25.12	-6.8	35.21	-30.23	3.07	0.54	3.98	9.77	5.32	-6.97	0.1	0.0	0.0	-0.0	-1.27	0.0	0.12	2.38	0.1917	0.1887
1AO7_ABC_DE	DD26W,RD27F,SD51M,SD100T,VC7R	-1.9629	-4.65	-6.82	-18.73	-2.5	23.28	-24.46	1.27	0.38	5.46	10.3	2.81	-2.51	0.03	0.0	0.0	0.0	-0.1	0.0	-0.0	2.38	-1.39237	0.57053
1AO7_ABC_DE	GD28T,AE99M,GE100S,GE101A,RE102Q	-1.9302	-3.95	-6.19	-17.83	-2.22	22.42	-23.21	1.83	0.2	5.62	7.91	2.37	-2.68	-0.1	0.0	0.0	0.0	-0.21	0.0	-0.0	2.38	-3.96403	-2.03383
1AO7_ABC_DE	DD26W,AE99M,GE100S,GE101A,RE102Q	-1.675	-3.93	-6.04	-18.12	-2.44	22.1	-23.63	2.11	0.09	5.38	8.23	2.81	-2.47	0.1	0.0	0.0	0.0	-0.25	0.0	-0.0	2.38	-4.03663	-2.36163
1BJ1_HL_VW	TH28D,NH31H,YH54W,HH101Y,SH105T	-2.3687	-8.21	-11.13	-22.05	-0.4	27.98	-27.13	3.1	0.48	1.5	9.5	4.7	-1.1	-0.08	0.0	-0.0	-0.0	-0.05	0.0	0.65	2.38	-1.2034	1.1653
1BP3_A_B	QA46H,NA47D,PA48S,QA49E,LA52F	0.59	-2.09	-12.3	-19.99	-2.45	27.92	-25.04	1.09	1.13	2.49	10.8	4.79	-5.1	-0.04	0.0	0.0	-0.0	-0.56	0.0	0.16	2.38	0.246	-0.344
1BP3_A_B	NA12R,MA14V,LA15V,RA16L,RA19Y	-0.0208	-2.09	-12.32	-19.91	-2.33	27.65	-25.17	1.08	1.12	2.41	10.67	4.61	-5.05	-0.04	0.0	0.0	-0.0	-0.67	0.0	0.16	2.38	0.3829	0.4037
1BP3_A_B	EA88G,QA91Y,FA92H,RA94T,SA95E	0.0012	-2.09	-12.32	-19.9	-2.38	27.65	-25.14	1.08	1.12	2.41	10.68	4.61	-5.02	-0.04	0.0	0.0	-0.0	-0.67	0.0	0.16	2.38	0.2094	0.2082
1CHO_EFG_I	KI13R,PI14F,AI15R,TI17K,LI18R	2.9331	-8.31	-1.43	-17.88	-2.25	24.33	-20.62	0.94	0.62	4.29	7.21	4.41	-2.3	-0.03	0.0	0.0	-0.0	-0.23	0.0	0.37	2.38	7.9853	5.0522
1CHO_EFG_I	TI17P,LI18K,EI19D,LI23V,SI51N	0.6921	-8.99	-2.5	-15.26	-1.61	21.19	-18.6	0.36	0.08	4.09	5.79	4.14	-1.64	0.03	0.0	0.0	-0.0	-0.43	0.0	0.02	2.38	7.04546	6.35336
1CHO_EFG_I	EI10D,KI13R,AI15D,RI21M,EI43D	2.5568	-7.77	-0.71	-14.74	-1.29	18.08	-19.43	0.74	0.64	3.88	4.52	5.26	-0.96	-0.03	0.0	0.0	-0.0	-0.23	0.0	0.37	2.38	2.3871	-0.1697
1CHO_EFG_I	EI10D,LI18V,RI21M,GI32D,EI43D	3.0369	-7.71	-0.75	-15.24	-1.25	18.65	-20.49	2.7	1.13	4.0	4.11	4.46	-0.97	-0.03	0.0	0.0	-0.0	-0.06	0.0	0.37	2.38	9.38663	6.34973
1CHO_EFG_I	EI10D,TI17R,LI18M,RI21M,EI43D	1.6859	-7.77	-0.66	-15.46	-1.1	17.74	-20.14	0.81	0.16	4.41	5.48	5.24	-1.06	-0.03	0.0	0.0	-0.0	-0.05	0.0	0.42	2.38	6.44099	4.75509
1CHO_EFG_I	EI10G,LI18M,RI21M,EI43D,KI55E	-0.0963	-7.81	-0.72	-15.87	-1.19	18.1	-21.09	1.27	0.22	4.12	4.9	4.38	-0.75	-0.03	0.0	0.0	-0.0	0.02	0.0	0.37	2.38	1.8647	1.961
1CHO_EFG_I	AI15G,LI18M,LI23V,KI29I,EI43K	0.9095	-7.79	-1.36	-15.05	-2.32	18.79	-18.66	0.84	0.19	3.88	4.84	4.67	-1.25	-0.03	0.0	0.0	-0.0	-0.44	0.0	0.37	2.38	1.0988	0.1893
1CHO_EFG_I	EI10D,AI15V,YI20E,RI21M,EI43D	-0.3869	-7.68	-2.47	-15.63	-1.65	18.98	-20.98	1.31	0.44	3.85	5.83	4.79	-1.71	-0.03	0.0	0.0	-0.0	-0.1	0.0	0.41	2.38	7.7151	8.102
1CHO_EFG_I	EI10D,LI18M,RI21M,GI32D,EI43D	4.3273	-7.82	-0.73	-15.75	-1.25	19.78	-20.6	4.35	0.3	4.15	4.59	4.32	-1.26	-0.03	0.0	0.0	-0.0	-0.05	0.0	0.37	2.38	5.55922	1.23192
1CZ8_HL_VW	LL4M,DH28T,HH31N,YH103R,GH104N	0.0302	-7.53	-12.19	-22.15	-1.41	28.14	-26.51	3.04	0.65	3.31	10.22	3.98	-1.58	0.0	0.0	-0.0	-0.0	-0.19	0.0	0.11	2.38	1.0321	1.0019
1EMV_A_B	SA65E,NA69K,TA70E,VA71I,QA73E	-0.0121	-5.65	-10.95	-14.85	-3.06	20.52	-18.32	0.64	0.11	3.77	7.16	0.75	-2.77	-0.56	0.0	0.0	0.0	-1.1	0.0	-0.0	2.38	0.0791	0.0912
1FSS_A_B	TB8V,TB9N,RB11K,HB29R,KB32R	-0.586	-4.92	-7.26	-18.84	-3.41	24.8	-25.54	0.61	0.41	4.14	9.62	8.46	-4.36	-0.11	0.0	0.0	0.0	-1.37	0.0	0.02	2.38	0.8015	1.3875
1JTG_A_B	KA234A,SA235A,SA130A,RA243A,DB49A	5.1166	-4.77	-10.48	-20.65	-2.34	26.92	-26.71	2.25	0.23	2.02	10.0	3.98	-4.12	0.01	0.0	0.0	0.0	-0.03	0.0	0.07	2.38	1.72606	-3.39054
1JTG_A_B	KB74A,FB142A,YB143A,EA104A,YA105A	8.5526	-3.11	-12.34	-16.38	-2.76	23.51	-20.41	2.01	0.25	1.65	7.81	3.4	-3.9	-0.03	0.0	0.0	0.0	-0.34	0.0	0.07	2.38	2.4115	-6.1411
1MLC_AB_E	NA92A,TB28D,SB57V,TB58D,NA32L	-3.6316	-1.32	-5.08	-14.11	-4.82	18.69	-16.44	1.88	0.63	2.51	4.08	3.41	-1.69	0.0	0.0	0.0	0.0	-0.71	0.0	0.0	2.38	-2.5842	1.0474
1MLC_AB_E	NA92A,TB28D,SB57V,TB58D,SB30G	-3.0736	-1.29	-5.08	-13.75	-4.82	18.76	-15.6	1.85	0.64	2.29	3.85	3.63	-2.42	0.0	0.0	0.0	0.0	-0.71	0.0	0.0	2.38	-2.3584	0.7152
1MLC_AB_E	NA92A,TB28D,SB57V,TB58D,YB59E	-3.5797	-1.27	-4.94	-13.58	-5.98	19.07	-15.22	2.16	0.52	2.35	3.94	3.47	-2.61	0.0	0.0	0.0	0.0	-0.98	0.0	0.0	2.38	-1.4661	2.1136
1MLC_AB_E	NA92A,TB28D,SB57V,TB58D,SA91N	-2.6203	-1.31	-4.89	-14.1	-4.95	19.63	-15.82	2.18	0.61	2.39	3.9	3.36	-2.37	0.0	0.0	0.0	0.0	-0.7	0.0	0.0	2.38	1.84961	4.46991
1MLC_AB_E	NA92A,TB28D,SB57V,TB58D,EB35S	0.5764	-1.29	-3.22	-13.67	-2.95	18.75	-15.68	2.26	0.65	2.33	3.54	3.32	-2.56	0.0	0.0	0.0	0.0	-0.41	0.0	0.0	2.38	1.90604	1.32964
1MLC_AB_E	NA92A,TB28D,SB57V,TB58D,GB99D	0.3476	-1.35	-3.95	-13.75	-5.28	19.63	-15.61	4.11	0.83	2.37	3.41	3.36	-2.01	0.0	0.0	0.0	0.0	-0.88	0.0	0.0	2.38	-0.2036	-0.5512
1PPF_E_I	EI10D,KI13R,AI15D,RI21M,EI43D	-2.4123	-8.66	-3.02	-15.66	-1.37	18.82	-21.81	1.62	0.6	4.21	5.47	4.98	-1.0	-0.03	0.0	0.0	0.0	-0.29	0.0	0.06	2.38	0.1275	2.5398
1PPF_E_I	EI10D,LI18V,RI21M,GI32D,EI43D	10.40955	-7.15	-1.54	-14.87	-0.61	18.37	-20.83	11.06	1.37	3.83	3.92	4.41	-1.63	-0.03	0.0	0.0	0.0	-0.0	0.0	0.06	2.38	1.3831	-9.02645
1PPF_E_I	EI10D,TI17R,LI18M,RI21M,EI43D	-1.9641	-7.07	-2.65	-15.46	-0.13	16.23	-21.7	0.91	0.65	3.83	5.88	4.29	-0.78	-0.03	0.0	0.0	0.0	-0.04	0.0	0.06	2.38	4.5564	6.5205
1PPF_E_I	EI10G,LI18M,RI21M,EI43D,KI55E	-0.9929	-7.1	-1.54	-14.53	0.1	15.29	-20.65	0.91	0.77	3.84	4.29	4.23	-0.72	-0.03	0.0	0.0	0.0	0.04	0.0	0.06	2.38	-0.0108	0.9821
1PPF_E_I	AI15G,LI18M,LI23V,KI29I,EI43K	0.4803	-7.67	-2.02	-13.85	0.2	15.7	-18.99	0.9	0.76	3.85	3.71	4.58	-0.89	-0.03	0.0	0.0	0.0	0.16	0.0	0.06	2.38	2.2479	1.7676
1PPF_E_I	EI10D,AI15V,YI20E,RI21M,EI43D	0.073	-7.19	-1.55	-15.16	-0.2	17.37	-21.93	0.87	0.85	3.96	5.55	4.36	-0.78	-0.03	0.0	0.0	0.0	-0.03	0.0	0.08	2.38	6.43689	6.36389
1R0R_E_I	TI17P,LI18K,EI19D,LI23V,SI51N	3.8288	-9.48	-2.72	-15.47	-1.09	23.24	-19.1	5.02	0.17	2.93	4.47	6.49	-2.02	-0.02	0.0	-0.0	0.0	-0.05	0.0	0.34	2.38	7.44109	3.61229
1R0R_E_I	EI10D,KI13R,AI15D,RI21M,EI43D	3.6493	-8.64	-0.19	-15.58	-0.29	22.32	-19.56	2.43	0.36	2.89	4.25	6.96	-2.56	-0.3	0.0	-0.0	0.0	0.06	0.0	0.36	2.38	5.69096	2.04166
1R0R_E_I	EI10D,LI18V,RI21M,GI32D,EI43D	3.3535	-8.54	-0.15	-14.8	-0.47	19.39	-19.21	3.67	0.89	2.83	3.17	6.98	-1.86	-0.08	0.0	-0.0	0.0	-0.02	0.0	0.36	2.38	4.59727	1.24377
1R0R_E_I	EI10D,TI17R,LI18M,RI21M,EI43D	0.1428	-8.94	-0.58	-14.67	-0.61	18.49	-18.34	2.78	0.22	2.78	2.96	6.25	-1.86	0.06	0.0	-0.0	0.0	0.02	0.0	0.34	2.38	3.3498	3.207
1R0R_E_I	EI10G,LI18M,RI21M,EI43D,KI55E	0.6401	-8.56	-0.18	-14.72	-0.4	18.06	-19.02	2.66	0.33	2.8	3.64	6.67	-2.13	-0.08	0.0	-0.0	0.0	-0.04	0.0	0.36	2.38	-0.6858	-1.3259
1R0R_E_I	AI15G,LI18M,LI23V,KI29I,EI43K	1.6056	-8.43	-0.87	-14.54	-0.81	18.66	-18.25	2.89	0.3	2.64	3.8	6.85	-2.32	-0.02	0.0	-0.0	0.0	-0.03	0.0	0.34	2.38	1.0217	-0.5839
1R0R_E_I	EI10D,AI15V,YI20E,RI21M,EI43D	-0.336	-8.66	-0.16	-15.37	-0.85	19.67	-20.52	1.28	0.8	2.85	5.0	6.48	-2.3	-0.09	0.0	-0.0	0.0	0.0	0.0	0.34	2.38	2.8247	3.1607
1R0R_E_I	EI10D,LI18M,RI21M,GI32D,EI43D	-0.0073	-8.48	-0.78	-15.13	-0.52	19.38	-19.41	1.89	0.42	2.93	3.9	6.84	-2.33	-0.14	0.0	-0.0	0.0	-0.02	0.0	0.34	2.38	2.0046	2.0119
1XXM_A_C	AC1074K,AC1142F,AC1143Y,AA104E,AA105Y	-5.8344	-4.76	-11.9	-20.16	-3.37	28.62	-25.35	3.33	0.2	2.35	8.78	5.24	-2.59	-0.01	0.0	0.0	0.0	-0.44	0.0	0.17	2.38	-2.4115	3.4229
1YCS_A_B	MA133L,VA203A,NA239Y,NA268D,VA143A	0.0189	-4.07	-9.87	-14.38	-5.21	19.74	-15.88	1.49	0.47	2.98	9.72	3.02	-1.54	0.21	0.0	0.0	0.0	-2.16	0.0	0.1	2.38	0.14041	0.12151
1YCS_A_B	MA133L,VA203A,NA239Y,NA268D,FA270L	0.019	-4.07	-9.87	-14.38	-5.21	19.74	-15.88	1.49	0.47	2.98	9.72	3.02	-1.54	0.21	0.0	0.0	0.0	-2.16	0.0	0.1	2.38	-0.18541	-0.20441
1YCS_A_B	MA133L,VA203A,NA239Y,NA268D,RA282W	0.0223	-4.07	-9.87	-14.38	-5.21	19.74	-15.88	1.49	0.47	2.98	9.72	3.01	-1.53	0.21	0.0	0.0	0.0	-2.16	0.0	0.1	2.38	0.05066	0.02836
1YY9_CD_A	SC26D,TC31E,NC93A,ND56A,TD61E	-0.831	-4.3	-11.4	-15.79	-1.85	20.69	-19.56	1.04	0.11	3.31	8.97	4.11	-3.53	0.03	0.0	0.0	-0.0	-1.04	0.0	0.08	2.38	-0.6517	0.1793
2B2X_HL_A	VH50T,EH64Q,QL28S,YL52N,LH60D	2.1766	-3.18	-9.72	-16.81	-2.01	26.85	-17.7	1.99	0.67	3.28	7.03	4.01	-2.87	0.11	0.0	-0.0	0.0	-0.39	0.0	0.47	2.38	1.0862	-1.0904
2B2X_HL_A	VH50T,EH64K,QL28S,YL52N,NL30V	1.2455	-3.23	-8.52	-17.89	-1.84	27.43	-19.74	1.99	0.67	3.6	7.36	4.13	-3.13	0.11	0.0	-0.0	0.0	-0.3	0.0	0.46	2.38	2.09246	0.84696
2B2X_HL_A	VH50T,EH64K,QL28S,YL52N,HL31R	1.0401	-3.19	-9.63	-16.94	-2.29	27.04	-17.62	1.92	0.68	3.33	6.76	3.87	-3.26	0.18	0.0	-0.0	0.0	-0.54	0.0	0.34	2.38	2.16692	1.12682
2B2X_HL_A	VH50T,EH64K,QL28S,YL52N,HL31K	2.5416	-3.18	-9.68	-17.21	-2.16	28.48	-18.05	1.96	0.7	3.3	6.83	3.95	-2.99	0.14	0.0	-0.0	0.0	-0.32	0.0	0.34	2.38	2.20729	-0.33431
2B2X_HL_A	VH50T,EH64K,QL28S,YL52N,RH31Q	3.84146	-2.33	-8.88	-16.05	-0.9	25.56	-16.99	1.8	0.67	3.23	5.61	3.85	-2.8	0.0	0.0	-0.0	0.0	0.12	0.0	0.47	2.38	2.35044	-1.49102
2B2X_HL_A	VH50T,EH64K,QL28S,YL52N,SH35Q	2.2696	-3.21	-9.75	-16.69	-1.86	26.71	-17.55	1.94	0.68	3.25	7.0	3.96	-2.97	0.11	0.0	-0.0	0.0	-0.3	0.0	0.47	2.38	3.77016	1.50056
2B2X_HL_A	VH50T,EH64K,QL28S,YL52N,YH59E	2.4511	-3.2	-9.72	-16.86	-1.94	26.88	-17.78	1.99	0.67	3.28	7.0	4.41	-2.98	0.11	0.0	-0.0	0.0	-0.34	0.0	0.47	2.38	1.5872	-0.8639
2B2X_HL_A	VH50T,EH64K,QL28S,YL52N,NL30Y	2.3653	-3.17	-9.74	-17.62	-2.04	27.23	-19.12	2.61	0.8	3.03	7.49	4.39	-2.47	0.11	0.0	-0.0	0.0	-0.31	0.0	0.46	2.38	2.95065	0.58535
2B2X_HL_A	VH50T,EH64K,QL28S,YL52N,NL30W	1.8748	-3.15	-8.46	-17.78	-2.11	27.17	-19.52	2.43	0.66	3.04	7.27	3.88	-2.49	0.11	0.0	-0.0	0.0	-0.34	0.0	0.47	2.38	2.61578	0.74098
2B2X_HL_A	VH50T,EH64K,QL28S,YL52N,SL91T	1.5	-3.19	-9.73	-16.88	-1.87	26.61	-18.02	2.05	0.62	3.42	6.69	4.18	-2.97	0.11	0.0	-0.0	0.0	-0.3	0.0	0.47	2.38	3.35971	1.85971
2B2X_HL_A	VH50T,EH64K,QL28S,YL52N,SL91R	1.5492	-3.23	-9.73	-17.61	-2.16	27.71	-18.62	2.0	0.69	3.46	7.24	4.16	-2.99	0.26	0.0	-0.0	0.0	-0.38	0.0	0.47	2.38	3.77016	2.22096
2B2X_HL_A	VH50T,EH64K,QL28S,YL52N,GL92Q	1.9861	-3.21	-9.72	-16.9	-1.86	26.99	-17.82	2.02	0.67	3.3	7.02	3.89	-3.1	0.11	0.0	-0.0	0.0	-0.3	0.0	0.47	2.38	2.61578	0.62968
2B2X_HL_A	VH50T,EH64K,QL28S,YL52N,GL92S	2.6616	-3.21	-9.73	-16.84	-1.86	26.91	-17.73	2.03	0.67	3.3	7.02	4.37	-2.97	0.11	0.0	-0.0	0.0	-0.3	0.0	0.47	2.38	1.5558	-1.1058
2B2X_HL_A	VH50T,EH64K,QL28S,YL52N,SH52M	4.83014	-3.34	-9.85	-17.94	-1.57	26.99	-19.62	5.92	0.66	3.7	7.98	3.89	-2.17	0.05	0.0	-0.0	0.0	-0.2	0.0	0.29	2.38	3.11891	-1.71123
2B2X_HL_A	VH50T,EH64K,QL28S,YL52N,GH53S	2.9338	-3.2	-11.03	-17.26	-1.87	27.49	-18.07	3.85	0.68	3.39	7.18	3.71	-2.55	0.11	0.0	-0.0	0.0	-0.31	0.0	0.47	2.38	1.7187	-1.2151
2B2X_HL_A	VH50T,EH64K,QL28S,YL52N,GH53A	1.7451	-3.21	-9.76	-17.09	-1.86	26.99	-18.23	2.5	0.68	3.38	6.92	3.77	-2.98	0.11	0.0	-0.0	0.0	-0.29	0.0	0.47	2.38	1.5558	-0.1893
2B2X_HL_A	VH50T,EH64K,QL28S,YL52N,GH54I	2.1326	-3.55	-10.06	-18.17	-1.56	27.2	-20.19	4.81	0.83	3.75	8.3	3.77	-3.14	0.05	0.0	-0.0	0.0	-0.19	0.0	0.27	2.38	2.40667	0.27407
2B2X_HL_A	VH50T,EH64K,QL28S,YL52N,GH54T	2.4018	-3.41	-11.12	-17.61	-1.56	27.35	-18.61	3.7	0.69	3.5	7.88	3.93	-2.73	0.05	0.0	-0.0	0.0	-0.19	0.0	0.28	2.38	2.20729	-0.19451
2B2X_HL_A	VH50T,EH64K,QL28S,YL52N,YH58Q	2.7878	-2.62	-10.24	-15.61	-1.3	25.15	-16.14	1.39	0.62	2.99	6.98	3.12	-2.48	0.05	0.0	-0.0	0.0	-0.2	0.0	0.31	2.38	3.11891	0.33111
2B2X_HL_A	VH50T,EH64K,QL28S,YL52N,YH58E	1.9819	-2.6	-10.59	-15.4	-2.44	25.86	-15.86	1.44	0.63	3.0	6.95	2.58	-2.44	0.05	0.0	-0.0	0.0	-0.3	0.0	0.36	2.38	3.11891	1.13701
2B2X_HL_A	VH50T,EH64K,QL28S,YL52N,YH58W	2.275	-2.95	-9.51	-17.07	-1.8	27.29	-18.07	1.88	0.68	3.28	6.9	4.0	-3.09	0.11	0.0	-0.0	0.0	-0.3	0.0	0.47	2.38	1.8641	-0.4109
2B2X_HL_A	VH50T,EH64K,QL28S,YL52N,LL49F	1.0174	-3.18	-9.72	-17.37	-2.33	27.34	-18.48	2.0	0.67	3.31	7.09	3.98	-3.0	0.11	0.0	-0.0	0.0	-0.3	0.0	0.47	2.38	1.7554	0.738
2B2X_HL_A	VH50T,EH64K,QL28S,YL52N,LL49W	1.4845	-3.18	-9.73	-18.23	-1.92	27.99	-19.78	3.51	0.68	3.28	7.13	4.02	-3.01	0.11	0.0	-0.0	0.0	-0.3	0.0	0.47	2.38	2.95065	1.46615
2B2X_HL_A	VH50T,EH64K,QL28S,YL52N,WL90Q	2.1202	-3.21	-11.09	-16.49	-1.83	26.59	-17.27	2.18	0.25	3.24	7.85	3.91	-2.75	0.11	0.0	-0.0	0.0	-0.3	0.0	0.44	2.38	3.11891	0.99871
2B2X_HL_A	VH50T,EH64K,QL28S,YL52N,SL91Q	1.1533	-3.23	-9.73	-16.88	-1.85	26.57	-18.02	2.02	0.61	3.35	6.39	4.03	-2.77	0.11	0.0	-0.0	0.0	-0.31	0.0	0.48	2.38	2.81712	1.66382
2B2X_HL_A	VH50T,EH64K,QL28S,YL52N,TH33V	1.9714	-3.21	-9.71	-16.89	-1.86	26.68	-18.0	1.93	0.71	3.29	7.03	4.22	-2.95	0.11	0.0	-0.0	0.0	-0.31	0.0	0.47	2.38	1.4775	-0.4939
2B2X_HL_A	VH50T,EH64K,QL28S,YL52N,TH33N	2.0637	-3.29	-9.86	-16.99	-1.83	27.42	-17.69	1.96	0.66	3.4	6.94	3.51	-2.79	0.11	0.0	-0.0	0.0	-0.29	0.0	0.47	2.38	3.77016	1.70646
2B2X_HL_A	VH50T,EH64K,QL28S,YL52N,SH35A	2.3321	-3.18	-9.72	-16.89	-1.86	26.92	-17.82	1.97	0.68	3.28	7.0	3.93	-2.7	0.11	0.0	-0.0	0.0	-0.3	0.0	0.47	2.38	2.61578	0.28368
2B2X_HL_A	VH50T,EH64K,QL28S,YL52N,GH100L	2.0629	-3.29	-10.32	-17.65	-1.68	27.81	-19.01	2.63	0.7	3.5	7.37	3.69	-2.22	0.11	0.0	-0.0	0.0	-0.3	0.0	0.48	2.38	3.77016	1.70726
2B2X_HL_A	VH50T,EH64K,QL28S,YL52N,GH100S	2.4039	-3.24	-10.14	-16.93	-1.78	27.06	-17.84	2.53	0.68	3.35	7.0	3.41	-2.37	0.11	0.0	-0.0	0.0	-0.3	0.0	0.47	2.38	1.6009	-0.803
2B2X_HL_A	VH50T,EH64K,QL28S,YL52N,HL31W	2.7876	-3.19	-9.17	-17.09	-0.98	26.81	-18.2	2.15	0.67	3.28	6.69	3.96	-2.98	0.09	0.0	-0.0	0.0	-0.04	0.0	0.34	2.38	2.29843	-0.48917
2B2X_HL_A	VH50T,EH64K,QL28S,YL52N,GH53N	3.4112	-3.31	-9.81	-17.86	-1.89	28.74	-18.63	3.36	0.69	3.7	7.17	3.91	-2.97	0.11	0.0	-0.0	0.0	-0.3	0.0	0.47	2.38	2.29843	-1.11277
2G2U_A_B	EB73M,SB130K,FB142W,YB143F,SB146M	0.1912	-2.72	-8.6	-20.67	-5.28	28.9	-26.47	1.35	0.78	4.55	7.3	1.61	-3.67	0.17	0.0	0.39	0.0	-0.96	0.0	0.12	2.38	-2.93033	-3.12153
2VN5_A_B	SB47A,TB48F,TA45A,NA47A,YA49A	3.9112	-1.06	-4.33	-12.92	-0.68	12.75	-21.08	0.29	0.03	2.03	8.6	1.51	-1.73	-0.04	0.0	0.0	0.0	-0.65	0.0	0.0	2.38	3.76827	-0.14293
2VN5_A_B	SB47A,TB48F,TA45A,NA47A,NA91A	1.4671	-2.43	-4.07	-14.08	-0.8	13.74	-22.69	0.36	0.03	2.46	9.08	1.44	-1.59	-0.06	0.0	0.0	0.0	-0.68	0.0	0.0	2.38	3.16102	1.69392
2VN5_A_B	SB47A,TB48F,SA76A,SA78A,SA85A	0.2805	-2.01	-3.59	-14.89	-0.67	14.53	-24.01	0.26	0.03	2.39	7.71	1.78	-1.37	-0.06	0.0	0.0	0.0	-0.65	0.0	0.0	2.38	0.1415	-0.139
3G6D_LH_A	EL3V,GL76R,TL77V,QL78E,EL80G	0.0082	-4.39	-10.48	-15.41	-7.54	23.08	-19.56	0.28	0.17	2.12	11.26	2.9	-3.92	0.24	0.0	0.0	0.0	-1.96	0.0	0.01	2.38	0.1399	0.1317
3KUD_A_B	KB85A,FB61W,RB67L,NB71R,VB88I	-3.279	-5.98	-7.39	-10.22	-3.69	14.72	-11.95	0.25	0.21	1.2	7.2	4.4	-1.8	0.12	0.0	0.0	0.0	-1.79	0.0	0.0	2.38	1.96567	5.24467
3KUD_A_B	KB85A,FB61W,VB69E,NB71R,VB88I	-2.7948	-6.29	-7.86	-10.65	-4.05	16.17	-11.96	0.28	0.2	1.26	7.47	5.09	-2.14	0.08	0.0	0.0	0.0	-1.78	0.0	0.0	2.38	3.96266	6.75746
3M63_A_B	GB10F,QB11K,SB67Q,HB69V,VB71M	-1.2155	-1.01	-2.4	-9.48	-1.99	9.65	-14.77	0.67	0.04	2.03	7.31	2.7	-2.0	-0.07	0.0	0.0	0.0	-1.29	0.0	-0.0	2.38	0.18703	1.40253
3MZW_A_B	NB6E,NB23T,AB42S,AB46S,AB54S	-0.0363	-2.26	-10.89	-14.41	-2.79	18.37	-18.02	1.15	0.19	2.52	9.44	1.77	-3.15	-0.06	0.0	0.0	0.0	-0.64	0.0	0.01	2.38	0.2815	0.3178
3SGB_E_I	KI13R,PI14F,AI15R,TI17K,LI18R	3.40119	-8.29	-2.44	-15.04	-0.15	20.24	-17.61	4.21	0.12	3.3	5.18	6.04	-2.48	0.03	0.0	0.0	0.0	-0.1	0.0	0.34	2.38	5.65616	2.25497
3SGB_E_I	TI17P,LI18K,EI19D,LI23V,SI51N	-1.9454	-8.84	-3.18	-12.78	-0.23	18.23	-16.06	0.21	0.05	3.14	3.55	5.63	-1.68	-0.1	0.0	0.0	0.0	-0.08	0.0	0.01	2.38	4.84382	6.78922
3SGB_E_I	EI10D,KI13R,AI15D,RI21M,EI43D	1.389	-7.19	-1.73	-13.16	-0.78	18.29	-16.6	3.07	0.03	3.3	2.28	5.62	-1.84	-0.18	0.0	0.0	0.0	-0.09	0.0	0.34	2.38	-0.2844	-1.6734
3SGB_E_I	EI10D,LI18V,RI21M,GI32D,EI43D	3.3322	-8.05	-2.46	-12.65	0.61	17.91	-16.31	3.09	0.97	3.22	2.13	5.9	-1.21	-0.22	0.0	0.0	0.0	0.28	0.0	0.01	2.38	3.9737	0.6415
3SGB_E_I	EI10D,TI17R,LI18M,RI21M,EI43D	0.7538	-8.02	-2.48	-13.04	-0.71	16.64	-16.55	3.08	0.05	3.25	3.73	5.67	-0.99	-0.04	0.0	0.0	0.0	-0.27	0.0	0.34	2.38	2.3503	1.5965
3SGB_E_I	EI10G,LI18M,RI21M,EI43D,KI55E	0.3079	-8.08	-2.59	-12.47	-0.67	15.91	-16.03	3.08	0.03	3.21	3.25	5.62	-0.9	-0.18	0.0	0.0	0.0	-0.34	0.0	0.34	2.38	0.181	-0.1269
3SGB_E_I	AI15G,LI18M,LI23V,KI29I,EI43K	1.74	-8.06	-2.52	-12.23	-0.55	16.25	-15.28	3.08	0.03	3.21	2.41	6.56	-1.56	-0.07	0.0	0.0	0.0	0.03	0.0	0.34	2.38	3.1844	1.4444
3SGB_E_I	EI10D,AI15V,YI20E,RI21M,EI43D	0.0525	-8.11	-2.05	-13.49	-1.89	17.66	-18.06	4.19	0.11	3.34	4.23	5.59	-1.35	-0.16	0.0	0.0	0.0	-0.3	0.0	0.34	2.38	1.69	1.6375
3SGB_E_I	EI10D,LI18M,RI21M,GI32D,EI43D	3.80726	-8.09	-2.58	-13.01	-0.28	17.72	-16.66	6.26	0.04	3.23	2.9	5.94	-1.99	-0.16	0.0	0.0	0.0	0.05	0.0	0.34	2.38	1.9453	-1.86196
3VR6_ABCDEF_GH	RA475A,RB475A,RC475A,RG165A,RG166A	8.0359	-11.19	-18.25	-40.29	-9.0	50.56	-56.31	2.06	0.44	7.3	30.01	4.69	-10.1	-1.44	0.0	0.0	0.0	-1.71	0.0	0.0	2.38	1.3173	-6.7186
3VR6_ABCDEF_GH	VD388A,VE388A,VF388A,RG165A,RG166A	8.6474	-11.91	-20.25	-40.42	-9.69	51.85	-55.5	2.37	0.43	7.49	32.13	4.8	-10.31	-1.51	0.0	0.0	0.0	-1.93	0.0	0.0	2.38	1.1307	-7.5167
4MNQ_ABC_DE	IE50V,HE51G,PE52A,EE53G,YE54I	1.1208	-4.89	-12.38	-21.34	-3.89	30.23	-27.3	2.87	0.85	4.93	10.01	3.73	-3.58	-0.27	0.0	-0.0	0.0	-0.61	0.0	0.01	2.38	1.5188	0.398
4MNQ_ABC_DE	KC4A,AD94S,LD95G,PD96T,GD98K	3.9441	-4.39	-10.85	-18.91	-2.11	24.93	-24.17	2.62	0.92	4.07	8.5	3.5	-3.19	-0.27	0.0	0.0	0.0	-0.39	0.0	0.05	2.38	3.63062	-0.31348
4MNQ_ABC_DE	KC4A,HE51W,PE52E,EE53F,YE54E	2.1086	-3.39	-11.31	-19.49	-2.91	25.51	-25.26	2.99	0.91	4.28	8.78	3.79	-4.2	-0.28	0.0	-0.0	0.0	-0.7	0.0	0.0	2.38	4.94023	2.83163
4MNQ_ABC_DE	LC6A,AD94S,LD95G,PD96T,GD98K	3.133	-5.59	-13.17	-19.9	-3.58	29.52	-24.33	2.59	1.16	4.59	9.39	4.3	-4.2	-0.27	0.0	0.02	0.0	-0.55	0.0	0.05	2.38	5.09991	1.96691
4MNQ_ABC_DE	LC6A,HE51W,PE52E,EE53F,YE54E	1.6731	-5.65	-14.13	-20.89	-4.47	30.34	-26.16	3.16	0.97	4.95	11.41	4.44	-3.79	-0.27	0.0	-0.0	0.0	-0.98	0.0	0.01	2.38	4.38698	2.71388
1AO7_ABC_DE	DD26W,RD27F,GD28T,SD51M,SD100T	-3.3268	-4.74	-6.87	-19.78	-2.46	24.86	-25.91	1.19	0.54	5.67	10.01	2.7	-2.56	0.03	0.0	0.0	0.0	-0.09	0.0	-0.0	2.38	-2.013895	1.3129049999999998
1BJ1_HL_VW	ML4L,TH28D,NH31H,HH101Y,SH105T	-3.0654	-8.21	-11.27	-21.99	-0.59	28.44	-26.87	1.77	0.45	1.52	9.66	4.69	-1.05	-0.08	0.0	-0.0	-0.0	-0.04	0.0	0.65	2.38	-1.658	1.4074
1CZ8_HL_VW	LL4M,DH28T,HH31N,YH101H,TH105S	5.083	-7.19	-7.75	-21.34	-0.59	27.3	-25.78	2.9	0.66	2.84	8.17	4.57	-1.46	0.0	0.0	-0.0	-0.0	0.01	0.0	0.15	2.38	2.3672	-2.7158
1YQV_HL_Y	RY68K,TY40S,IY55V,SY91T,QY121H	3.052	-5.21	-6.52	-13.82	-2.5	20.55	-15.17	0.5	0.21	1.78	6.06	5.82	-3.6	-0.04	0.0	0.0	-0.0	-0.5	0.0	-0.0	2.38	0.0336	-3.0184
2B2X_HL_A	VH50T,EH64K,QL28S,YL52N,LL49K	2.0323	-3.18	-10.38	-17.4	-2.66	28.64	-18.31	2.0	0.67	3.29	8.03	3.92	-3.13	0.11	0.0	-0.0	0.0	-0.48	0.0	0.47	2.38	1.90435	-0.12795000000000023
2B2X_HL_A	VH50T,EH64K,QL28S,YL52N,LH60D	2.1545	-3.18	-9.72	-16.79	-1.91	26.84	-17.67	1.99	0.67	3.28	6.94	3.98	-2.96	0.11	0.0	-0.0	0.0	-0.34	0.0	0.47	2.38	0.9819	-1.1726
2B2X_HL_A	VH50T,EH64K,QL28S,YL52N,GH100M	1.0223	-3.63	-10.43	-18.2	-1.75	28.19	-19.69	3.03	0.7	3.49	7.6	3.88	-2.67	0.09	0.0	-0.0	0.0	-0.3	0.0	0.47	2.38	1.1453	0.123
2B2X_HL_A	VH50T,EH64K,QL28S,YL52N,SL24R	2.1722	-3.18	-9.72	-16.83	-1.86	26.87	-17.7	1.99	0.67	3.29	6.95	3.95	-2.99	0.11	0.0	-0.0	0.0	-0.3	0.0	0.47	2.38	0.82785	-1.3443500000000002
2B2X_HL_A	VH50T,EH64K,QL28S,YL52N,FH99W	1.7395	-3.18	-9.72	-17.35	-1.87	27.18	-18.54	2.11	0.68	3.38	7.37	4.08	-3.02	0.11	0.0	-0.0	0.0	-0.3	0.0	0.47	2.38	1.0432	-0.6963000000000001
2B2X_HL_A	VH50T,EH64K,QL28S,YL52N,GH100F	-0.0109	-3.29	-9.98	-18.44	-1.93	28.41	-19.87	2.51	0.68	3.59	6.85	3.69	-2.68	0.11	0.0	-0.0	0.0	-0.3	0.0	0.49	2.38	1.4322	1.4430999999999998
2B2X_HL_A	VH50T,EH64K,QL28S,YL52N,GH54Y	4.20424	-3.84	-10.34	-18.27	-1.64	27.57	-19.67	7.02	0.71	3.49	8.23	3.91	-3.33	0.05	0.0	-0.0	0.0	-0.2	0.0	0.26	2.38	1.0432	-3.1610400000000007
2B2X_HL_A	VH50T,EH64K,QL28S,YL52N,FH99Y	2.371	-3.18	-9.72	-17.0	-1.85	27.36	-17.8	1.99	0.67	3.28	7.13	3.94	-3.17	0.11	0.0	-0.0	0.0	-0.29	0.0	0.47	2.38	1.7978	-0.5731999999999999
3MZW_A_B	NB6A,NB23T,AB42S,AB46S,AB54S	0.0951	-2.27	-10.89	-14.37	-2.77	18.36	-17.95	1.15	0.19	2.52	9.41	1.75	-3.08	-0.06	0.0	0.0	0.0	-0.62	0.0	0.01	2.38	-0.0288	-0.12390000000000001
