system	mutation	ddG_foldx	BackHbond	SideHbond	Energy_VdW	Electro	Energy_SolvP	Energy_SolvH	Energy_vdwclash	energy_torsion	backbone_vdwclash	Entropy_sidec	Entropy_mainc	water bonds	helix dipole	loop_entropy	cis_bond	disulfide	kn electrostatic	partial covalent interactions	Energy_Ionisation	Entropy Complex	exp_ddG	diff
1A22_A_B	SB298A,SB302A,EB320A,KB321A,QB366A,KB367A,VB371A	1.1455	-5.38	-10.93	-23.83	-7.31	34.6	-28.6	2.04	0.65	3.64	8.59	6.23	-6.43	0.14	0.0	-0.0	0.0	-1.61	0.0	0.12	2.38	-1.3994	-2.5449
1A22_A_B	DA11A,MA14V,HA18Q,RA19H,FA25A,QA29K,EA33R	-0.7216	-4.89	-14.62	-24.18	-7.23	34.66	-29.19	3.12	0.45	3.95	11.5	5.1	-6.96	0.08	0.0	-0.0	0.0	-1.49	0.0	0.06	2.38	0.7468	1.4684
1AK4_A_D	LD483T,VD486P,HD487A,AD488M,ID491L,AD492P,MD496I	-3.6133	-4.75	-2.66	-10.55	-0.13	11.25	-14.06	0.07	0.18	0.94	2.09	4.38	-1.12	-0.08	0.0	0.0	0.0	-0.09	0.0	0.03	2.38	0.74183	4.35513
1AO7_ABC_DE	DD26W,RD27F,SD51M,AE99M,GE100S,GE101A,RE102Q	-4.3835	-3.96	-6.04	-19.9	-2.79	23.48	-26.42	2.22	0.09	6.1	9.26	2.82	-2.79	0.07	0.0	0.0	0.0	-0.19	0.0	-0.0	2.38	-3.70893	0.67457
1BP3_A_B	DA11A,MA14V,HA18Q,RA19H,FA25A,QA29K,EA33R	1.0752	-1.92	-8.97	-19.06	-3.43	27.39	-23.85	1.52	1.17	3.05	7.36	4.43	-6.03	-0.01	0.0	0.0	-0.0	-0.81	0.0	0.26	2.38	3.6034	2.5282
1CHO_EFG_I	EI10D,AI15V,TI17S,RI21M,NI28S,GI32S,EI43D	4.4342	-7.81	-0.71	-15.27	-0.7	17.83	-20.22	4.58	0.3	3.88	4.76	4.44	-1.01	-0.04	0.0	0.0	-0.0	-0.11	0.0	0.28	2.38	5.38069	0.94649
1CHO_EFG_I	EI10D,TI17L,RI21M,GI32D,NI36S,EI43D,TI49S	1.59	-7.86	-0.85	-15.89	-1.49	18.69	-22.1	3.73	0.7	4.01	5.23	4.02	-1.0	-0.03	0.0	0.0	-0.0	-0.04	0.0	0.37	2.38	9.09401	7.50401
1CHO_EFG_I	KI13T,PI14E,AI15Y,LI18G,RI21M,GI32P,NI36V	1.1488	-7.4	-0.74	-13.72	-1.25	15.65	-18.37	0.86	1.09	3.84	3.83	4.06	-1.05	-0.03	0.0	0.0	-0.0	-0.27	0.0	0.37	2.38	5.82205	4.67325
1CZ8_HL_VW	LL4M,DH28T,HH31N,YH101H,TH105S,LH72V,TH74V	5.1709	-7.19	-7.75	-21.41	-0.6	27.43	-25.85	2.9	0.66	2.98	8.11	4.63	-1.36	0.0	0.0	0.0	-0.0	-0.0	0.0	0.15	2.38	2.4653	-2.7056
1CZ8_HL_VW	LL4M,DH28T,HH31N,YH101H,TH105S,LH72I,TH74K	4.8789	-7.23	-7.75	-21.17	-0.4	26.91	-25.54	2.91	0.63	2.57	7.69	4.41	-1.18	0.0	0.0	0.0	-0.0	0.0	0.0	0.14	2.38	1.8712	-3.0077
1MLC_AB_E	NA92A,TB28D,SB57V,TB58D,YB32W,RB98V,DB100Q	-3.1205	-1.6	-5.39	-13.86	-4.66	18.89	-15.56	1.85	0.62	2.29	4.21	3.57	-2.33	0.0	0.0	0.0	0.0	-0.7	0.0	0.0	2.38	0.3613	3.4818
1N8Z_AB_C	NA30S,HA91F,YA92W,TA94S,DB102W,YB105F,YB109V	1.4572	-1.76	-6.47	-12.03	-4.68	15.98	-15.96	0.9	0.11	1.16	4.7	2.42	-3.05	0.0	0.0	-0.0	0.0	-0.88	0.0	-0.0	2.38	0.0507	-1.4065
1PPF_E_I	EI10D,AI15V,TI17S,RI21M,NI28S,GI32S,EI43D	3.2714	-7.24	-1.41	-15.47	0.28	16.63	-22.15	5.96	0.7	3.87	4.65	4.22	-0.92	-0.03	0.0	0.0	0.0	0.12	0.0	0.05	2.38	2.0584	-1.213
1PPF_E_I	EI10D,TI17L,RI21M,GI32D,NI36S,EI43D,TI49S	4.1724	-7.13	-2.66	-16.96	-0.47	18.81	-24.92	9.16	1.09	4.12	6.07	4.43	-1.16	-0.02	0.0	0.0	0.0	0.0	0.0	0.03	2.38	4.31144	0.13904
1PPF_E_I	KI13T,PI14E,AI15Y,LI18G,RI21M,GI32P,NI36V	7.89888	-7.26	-2.05	-13.75	-0.02	14.72	-19.47	9.24	1.12	3.53	3.61	4.72	-0.69	-0.03	0.0	0.0	0.0	-0.18	0.0	0.06	2.38	1.7507	-6.14818
1R0R_E_I	EI10D,AI15V,TI17S,RI21M,NI28S,GI32S,EI43D	-1.1451	-9.0	-0.87	-15.33	-0.24	18.6	-20.19	1.68	0.86	2.91	4.36	6.37	-1.72	-0.1	0.0	-0.0	0.0	0.05	0.0	0.34	2.38	0.2042	1.3493
1R0R_E_I	EI10D,TI17L,RI21M,GI32D,NI36S,EI43D,TI49S	0.3214	-8.56	-0.21	-15.4	-0.46	19.41	-20.52	2.23	0.37	3.1	4.23	6.84	-1.89	-0.1	0.0	-0.0	0.0	-0.03	0.0	0.36	2.38	3.7649	3.4435
1R0R_E_I	KI13T,PI14E,AI15Y,LI18G,RI21M,GI32P,NI36V	3.73	-9.29	-1.62	-15.08	-0.62	20.58	-18.33	5.22	1.18	3.28	3.76	6.87	-2.68	-0.7	0.0	-0.0	0.0	0.05	0.0	0.36	2.38	2.3913	-1.3387
1REW_AB_C	KC88R,SC90T,KC92I,AC93P,QC94H,LC95Q,TC98D	1.9852	-6.64	-10.56	-21.17	-3.49	25.27	-29.11	1.2	0.75	3.9	8.44	4.36	-2.39	-0.34	0.0	0.0	0.0	-0.89	0.0	0.09	2.38	0.7296	-1.2556
2NY7_HL_G	GG431C,WG95M,MG433A,CG96W,CG275V,CG109I,CG428Q	-0.0274	-7.28	-7.14	-16.81	-0.89	21.86	-20.14	1.24	0.11	2.87	7.51	6.44	-3.83	-0.0	0.0	-0.0	0.0	-0.33	0.0	-0.0	2.38	0.21459	0.24199
2PYE_ABC_DE	YD31D,TE52I,LD95T,LD96S,DD97G,TD99S,LE94V	3.4408	-6.12	-11.04	-19.35	-1.31	24.52	-24.51	1.04	0.19	3.88	9.16	6.62	-3.14	0.06	0.0	-0.0	0.0	-0.16	0.0	0.01	2.38	3.36652	-0.07428
2PYE_ABC_DE	YD31D,QD51T,SD52P,SD53W,GE49A,AE50I,GE51Q	4.4957	-5.77	-11.42	-21.42	-1.45	27.07	-27.42	3.62	0.64	4.23	10.59	6.49	-3.84	0.02	0.0	-0.0	0.0	-0.12	0.0	0.03	2.38	3.19617	-1.29953
2QJ9_AB_C	RC88K,TC90S,IC92K,PC93A,HC94Q,QC95L,SC98T	0.1645	-5.87	-12.54	-18.21	-2.15	21.63	-24.25	0.25	0.43	4.27	11.83	4.15	-4.13	-0.37	0.0	0.0	0.0	-0.84	0.0	0.14	2.38	-0.7296	-0.8941
2WPT_A_B	DA32E,DA33L,NA34V,RA38T,EA39H,RA42E,LA43M	-0.2875	-6.39	-11.6	-15.58	-3.78	22.54	-19.35	0.65	0.39	4.1	10.54	2.64	-3.66	-0.55	0.0	0.0	0.0	-1.06	0.0	0.0	2.38	-6.3513	-6.0638
3KUD_A_B	KB85A,FB61W,RB67L,VB69E,NB71R,KB84R,VB88I	-1.9991	-6.17	-7.61	-10.46	-3.58	15.81	-11.85	0.28	0.21	1.16	6.99	4.65	-1.52	0.14	0.0	0.0	0.0	-1.51	0.0	0.0	2.38	4.2042	6.2033
3MZW_A_B	NB6A,NB23T,SB33K,DB36A,AB42S,AB46S,AB54S	-0.2002	-2.51	-11.32	-14.06	-2.77	17.87	-17.63	1.24	0.2	2.33	9.43	1.73	-2.76	-0.09	0.0	0.0	0.0	-0.72	0.0	0.01	2.38	0.4478	0.648
3MZW_A_B	NB6A,NB23T,SB33K,DB37E,AB42S,AB46S,AB54S	0.0174	-2.25	-11.01	-14.4	-2.82	18.43	-18.0	1.22	0.2	2.5	9.43	1.8	-3.0	-0.08	0.0	0.0	0.0	-0.69	0.0	0.01	2.38	-0.6796	-0.697
3NGB_HL_G	TH33Y,GH55S,AH56G,VH57T,PH62K,VH73T,YH74S	4.0216	-8.05	-16.29	-18.09	-3.89	31.07	-18.26	3.33	0.2	2.48	10.32	9.68	-3.9	-0.1	0.0	0.0	0.0	-0.73	0.0	-0.0	2.38	1.93805	-2.08355
3SGB_E_I	EI10D,AI15V,TI17S,RI21M,NI28S,GI32S,EI43D	3.0037	-8.16	-2.56	-13.52	-0.31	17.28	-17.67	6.76	0.06	3.29	3.51	5.44	-1.28	-0.16	0.0	0.0	0.0	-0.05	0.0	0.34	2.38	3.1601	0.1564
3SGB_E_I	EI10D,TI17L,RI21M,GI32D,NI36S,EI43D,TI49S	1.7308	-8.16	-2.52	-13.91	-0.29	17.9	-19.0	5.86	0.05	3.25	3.65	5.64	-1.09	-0.18	0.0	0.0	0.0	0.09	0.0	0.34	2.38	3.7183	1.9875
3SGB_E_I	KI13T,PI14E,AI15Y,LI18G,RI21M,GI32P,NI36V	3.83617	-6.93	-1.68	-12.02	-0.21	14.65	-15.39	5.75	0.02	2.93	1.24	6.01	-1.06	-0.18	0.0	0.0	0.0	-0.03	0.0	0.34	2.38	1.8277	-2.00847
3VR6_ABCDEF_GH	LA476A,LB476A,LC476A,VA477A,VB477A,VC477A,LG170N	7.7232	-14.54	-22.94	-40.28	-9.25	55.91	-52.81	0.71	0.39	7.53	34.98	7.11	-12.06	-2.73	0.0	0.0	0.0	-2.41	0.0	-0.0	2.38	-0.0791	-7.8023
3MZW_A_B	NB6A,NB23T,SB33K,AB42S,NB43E,AB46S,AB54S	0.0677	-2.21	-11.01	-14.4	-2.74	18.4	-18.0	1.22	0.2	2.43	9.45	1.76	-3.08	-0.07	0.0	0.0	0.0	-0.64	0.0	0.01	2.38	0.2193	0.1516
3MZW_A_B	NB6A,NB23T,SB33K,AB42S,AB46S,EB47A,AB54S	0.1232	-2.21	-11.01	-14.39	-2.73	18.41	-17.99	1.22	0.2	2.44	9.45	1.76	-3.08	-0.05	0.0	0.0	0.0	-0.64	0.0	0.01	2.38	-0.23404999999999998	-0.35724999999999996
